0.32037,0.27213,0.29919,0.24721,0.30239
0.1503,0.17402,0.19502,0.34179,0.315
0.27981,0.092538,-0.38505,0.3617,0.18739
0.078876,0.02036,0.43269,-0.11942,0.17658
0.40538,0.17285,0.29818,0.35165,0.15319
0.039516,0.18526,0.065317,0.27691,0.35079
0.13217,0.14687,0.11855,0.25506,0.18175
0.35969,0.23884,0.44816,0.26369,0.21802
-0.035278,0.23477,0.035679,0.2703,-0.42392
0.081246,0.066603,0.10212,0.15499,0.13841
0.16486,0.15594,0.21308,0.067243,0.16644
0.0010826,-0.034431,0.084229,0.0032969,0.0099996
0.32025,0.15395,0.21307,0.26785,0.27976
0.039365,-0.023148,-0.11628,0.14534,0.061451
0.38386,0.13309,0.11554,0.14936,0.23623
0.26202,0.094445,0.090371,0.31149,0.1717
0.46888,0.39377,0.22186,0.12826,0.32408
0.053892,0.15179,0.16402,0.074471,0.25443
-0.28601,0.032951,-0.058787,-0.025359,0.17336
0.2123,-0.42536,-0.025173,0.17078,-0.020643
0.36073,0.32811,0.27776,0.25584,0.31669
0.4203,0.34708,0.35052,0.43227,0.28325
0.098822,0.22906,0.24617,0.15524,0.29603
-0.041778,0.10957,0.16455,0.16718,0.28198
0.21943,0.033684,0.10747,-0.031781,-0.078435
0.25326,0.19696,0.29049,0.3022,0.17178
0.042323,-0.1164,0.21656,0.35815,0.2596
0.28303,0.25571,0.21072,0.21537,0.1319
0.22906,0.30043,0.21546,-0.14006,0.28387
0.10621,0.25635,0.39026,0.10131,0.30665
-0.17939,0.18974,-0.0096562,-0.026887,0.20184
0.29091,0.30451,0.30543,-0.14808,0.16947
0.053264,-0.088608,0.20595,0.176,-0.11389
-0.30593,-0.10286,0.38861,0.59286,0.63214
0.037694,-0.10685,0.28,0.36791,-0.27748
-0.51548,-0.10322,-0.20881,0.72827,-0.077821
0.21322,0.25738,0.15708,0.099972,0.18759
0.099224,-0.11422,0.22481,0.125,-0.35674
-0.099995,0.20935,0.18288,-0.29366,-0.25369
0.31955,-0.23758,0.040813,-0.055022,0.079906
0.041296,0.1345,-0.001554,0.15912,0.1001
0.29418,0.051934,0.14938,0.27747,-0.025109
0.23843,0.16357,0.28723,0.13172,0.060309
0.20789,0.15353,0.17207,0.22406,0.13537
0.32461,0.073948,0.193,0.24331,0.20561
-0.047286,-0.05351,0.28546,0.032539,0.36027
0.39485,0.2706,-0.082018,0.16486,0.44348
0.24938,0.040772,0.14197,0.42199,0.15554
-0.046427,0.41787,0.11857,0.12323,0.54323
0.2252,0.45839,-0.75078,-0.37398,0.16415
0.65539,-0.026414,0.11394,0.29827,-0.18001
0.078999,0.067046,0.20231,0.044232,0.28298
0.13148,0.12255,0.18535,0.32893,0.22725
0.29358,0.064029,0.23825,0.14424,0.053784
0.14932,0.43515,0.049172,0.62971,0.2295
0.32305,0.1026,0.19021,0.23446,0.03001
0.31973,0.073408,0.37792,0.25725,0.0029391
0.116,0.24411,0.19538,0.13224,0.30415
0.2144,0.23261,0.14332,0.20282,0.2235
0.044025,0.13999,0.09346,0.050347,0.11449
0.26346,-0.10367,0.50698,0.7093,-0.21644
0.21526,0.25566,0.19775,0.24701,0.2788
0.07819,0.22028,0.14304,0.060742,0.29825
0.22175,0.29702,0.12115,0.18632,0.22501
0.10673,0.052574,0.046442,0.095113,0.040097
0.43956,-0.067956,-0.014954,0.22256,-0.1126
0.20737,0.086124,0.37667,0.18137,0.071206
0.57107,0.84172,0.53109,-0.10545,0.29598
0.33384,0.3355,0.067209,0.11903,0.32766
0.24609,0.14165,0.21213,0.2656,0.16177
-0.25428,0.18526,0.055801,-0.042971,0.29381
-0.13608,0.16773,0.14019,0.0080194,0.37851
0.046721,0.38369,0.27544,0.3148,0.35755
0.31498,0.076141,0.12514,0.18104,0.077292
0.10283,0.30558,0.07287,0.35589,0.41759
0.022853,0.33788,0.15256,0.21173,0.48915
0.13585,0.28132,-0.027569,0.13106,0.2561
0.45503,0.46318,-0.36442,-0.03511,-0.019276
-0.13711,-0.012943,0.17707,-0.047123,0.38464
0.029663,-0.0065109,0.18961,0.30589,0.26006
0.30441,0.33294,0.19357,0.18097,0.19591
0.25512,0.18643,0.36197,0.36527,0.23457
0.20381,-0.021794,0.26906,0.35453,0.012056
0.16912,0.26412,0.16358,0.090667,0.17022
0.15338,0.20525,0.12658,0.10705,0.25278
0.27399,0.047897,0.079419,-0.10548,0.52101
0.25214,0.10459,0.15824,0.24167,0.047593
-0.50792,-0.1327,0.051888,-0.18976,-0.22407
0.26181,0.065568,0.2377,0.21817,0.13911
0.052841,0.123,0.10712,0.13193,0.16237
0.25803,0.19895,0.13396,0.27871,0.033378
0.25172,0.25117,0.24348,0.23455,0.2607
0.28837,-0.043489,0.39515,0.0083862,-0.099645
0.18731,0.30419,0.18201,0.16626,0.34894
0.2244,0.17492,0.26865,0.28892,0.14123
0.18576,-0.0047589,0.016661,0.07937,0.17926
0.027751,0.044361,-0.0056011,-0.08872,-0.13875
0.29722,-0.14787,0.35259,-0.34696,0.66575
0.2452,0.24679,0.13371,0.27146,0.090783
0.36941,-0.097535,0.32051,0.24422,0.16757
0.29621,0.04744,0.1233,0.11519,-0.2751
0.16436,0.078073,0.13602,0.12792,0.059239
0.23937,0.23418,-0.078255,-0.068522,0.17394
0.50442,0.21955,0.17787,0.20909,0.27218
0.44948,0.43345,0.38217,-0.1137,0.15661
0.096732,0.21117,0.065675,0.062589,0.14224
0.22767,0.4921,-0.20487,-0.16871,0.55377
0.045767,0.45492,0.18734,-0.16097,0.4011
0.31757,0.05397,0.20898,0.18382,-0.1438
0.20077,0.026226,0.26526,0.15161,-0.043245
0.11622,0.33926,0.24967,-0.076743,-0.10586
0.17983,0.20675,0.1243,0.19674,0.1916
0.19515,-0.14297,0.12349,0.094796,0.015675
0.22221,0.0046389,0.16205,0.19103,0.1874
0.11042,0.21115,-0.044675,0.078081,0.38298
0.25077,0.14584,0.099296,0.1409,0.26998
0.29625,0.058331,0.19499,0.31596,0.1778
0.14033,0.15668,0.1508,0.11723,0.090393
0.082585,0.068523,0.16977,0.2764,0.057135
0.0025924,0.088409,0.64575,0.013383,0.1773
0.40112,0.4154,0.23244,0.026631,0.4022
0.011292,0.030455,0.0029023,-0.091374,0.18104
-0.25571,0.17614,0.21142,0.16728,0.40549
-0.30919,0.041508,-0.17271,-0.16288,0.05722
0.41787,0.038989,0.31502,0.32107,-0.11592
-0.085162,0.10095,-0.21973,0.30152,0.13761
-0.0087074,-0.21766,-0.3325,0.1765,-0.81339
0.13882,0.20876,0.13033,0.19691,0.13198
-0.35728,0.41811,0.42973,0.37283,0.4998
0.22847,0.12178,0.14835,0.13788,-0.0048338
-0.081627,0.12075,0.4187,0.16441,0.28811
-0.099707,0.023134,-0.18422,0.040596,0.28018
0.39853,0.1831,-0.094903,0.25141,0.37508
0.28678,-0.47614,0.31668,0.072427,-0.22823
0.22282,0.17192,0.16571,0.068204,0.17667
-0.23641,0.0051675,0.081005,-0.2109,0.32386
0.053099,0.024822,-0.0067456,0.42287,-0.1581
0.0099507,0.11108,0.03276,0.1155,0.13234
-0.057148,-0.057055,0.0026365,-0.026936,0.2894
0.2238,0.088465,-0.049525,0.13052,0.32671
0.14297,-0.26958,0.35001,0.036555,-0.30024
0.43944,0.25353,0.32179,0.095757,0.31221
0.15489,0.11666,-0.14045,0.53001,-0.5192
0.20184,0.076015,0.24564,0.19107,0.20759
0.31025,0.20166,0.14817,0.30662,0.15107
0.13291,0.19081,0.10662,0.22631,0.5881
-0.22269,0.10967,0.05853,0.056917,-0.012576
0.13714,0.094787,-0.015561,0.16434,-0.11296
0.052874,0.26011,0.37242,0.13545,0.54144
0.39081,0.34902,-0.11106,-0.21825,0.17108
0.18339,0.2117,0.17881,0.12769,0.17566
0.060983,-0.046828,0.14442,0.18866,-0.022956
-0.70151,0.71074,0.43913,-0.37853,0.49164
0.10556,0.075865,0.061186,0.34244,0.27416
0.16928,0.44692,0.11838,0.031558,0.40663
0.068073,-0.013822,-0.077969,0.080959,0.1737
0.076145,0.32326,0.13054,0.36954,0.32058
0.11662,0.1958,0.16263,0.26211,0.2998
0.22889,-0.16482,0.30341,0.30573,-0.026626
0.08338,0.294,0.019066,0.13391,0.27836
0.05119,0.16647,0.17681,0.21665,0.43627
0.17033,0.041021,0.045768,0.12616,-0.060641
0.41252,0.19618,0.17394,0.19899,0.11653
0.16478,-0.12868,0.25841,0.1752,-0.12074
0.27207,-0.17447,0.19487,-0.00057638,0.11538
0.45032,-0.37722,0.0083882,0.55525,-0.44181
0.24205,0.2926,0.24468,0.29382,0.32548
0.52171,0.027569,0.33035,0.3128,0.040083
0.2583,0.15692,0.3247,0.076103,-0.065619
0.20828,-0.03222,0.072456,0.43737,-0.15283
0.31408,0.057702,0.14704,0.11874,0.30678
0.14212,0.036348,0.063579,0.074495,0.086349
0.28035,0.024823,0.21934,0.10782,0.10609
0.30864,0.19645,0.4426,0.28852,0.30503
0.50191,0.14116,0.36016,0.07465,-0.10477
0.11024,0.057865,-0.028563,0.28235,0.35778
0.16822,0.36859,0.20461,0.17778,0.25029
0.29644,0.11171,0.21027,0.24385,0.022593
0.32747,0.55636,0.60233,-0.03957,-0.51491
-0.085081,0.10227,0.25462,0.065249,0.090904
0.1737,-0.024319,0.10256,-0.026403,-0.18795
0.25598,0.096009,0.14129,0.05155,-0.10071
-0.22474,0.043961,0.24688,0.20973,0.14055
0.11934,0.22178,0.096885,0.12251,0.30043
0.056959,0.10476,-0.018278,-0.040281,0.22997
-0.0066158,-0.16802,-0.023317,0.43887,0.054478
0.11837,0.20891,0.16044,0.10998,0.14377
0.057684,0.14672,0.245,0.19566,0.092832
0.14839,0.29945,0.067097,0.086764,0.25974
0.28048,0.25232,0.37759,0.27642,-0.22005
0.28794,0.18195,0.18755,0.19061,0.17955
0.20901,0.28467,0.24793,0.014898,0.33198
0.14891,0.038585,0.21986,0.32538,0.3684
0.24539,0.26593,0.18535,0.27999,0.31903
0.3719,0.1552,0.29168,0.32111,0.21549
-0.21115,-0.15057,0.33488,0.016726,0.036036
0.53166,0.020327,0.19067,0.29575,0.15695
0.29529,0.32711,0.10453,0.15955,0.2767
0.26587,0.5535,0.46433,0.061219,0.71803
0.19755,0.15171,0.14241,0.24515,0.026001
0.092256,0.2422,0.083709,0.14217,0.20045
-0.028267,-0.41853,-0.096037,-0.62765,-0.14705
0.20184,0.30831,-0.019179,0.28972,-0.30049
-0.0128,0.38454,-0.15032,0.51165,0.62474
0.27285,0.32486,0.13004,0.08471,-0.12579
0.45905,0.62424,0.6018,0.036803,-0.14485
0.16757,0.12729,0.14592,0.14138,0.17634
-0.021591,-0.40921,0.14472,-0.016257,-0.045462
0.53834,0.10785,-0.13075,0.51946,0.35527
0.26793,0.22991,0.1563,0.18177,0.19971
0.017365,0.15856,0.16915,0.0017746,0.18628
0.0128,-0.25984,-0.068723,-0.10955,-0.3374
0.094062,0.15139,0.010831,0.23388,0.1786
-0.13114,0.12106,0.030881,0.13202,0.18558
0.17376,0.13,0.0098976,0.21676,0.2025
0.14236,0.24621,0.22611,0.24982,0.27871
-0.29612,0.10796,0.15065,0.46377,0.21437
0.10373,0.087934,0.16209,0.21759,0.30645
-0.036436,0.40721,0.62811,-0.1093,0.428
0.13174,0.47636,0.2109,0.07193,0.098344
0.12646,0.15671,0.053878,0.20682,0.31366
0.33085,0.19545,0.36855,0.35115,0.12019
0.35454,0.018017,0.072901,0.47533,-0.1253
0.27898,0.0013296,0.22276,0.26624,-0.014143
0.22058,0.098334,-0.013598,0.17742,0.13918
0.16849,0.17487,0.29526,0.011495,0.21303
0.20359,0.21945,-0.00062886,0.16445,0.49196
0.10032,-0.13643,1.0305,-0.20911,-0.18023
-0.30659,0.66519,0.032701,-0.12285,0.32512
0.19832,0.031755,0.20508,0.11415,-0.03916
0.05517,-0.16721,-0.017875,-0.082075,-0.25688
-0.061711,0.077672,-0.14882,0.14526,0.1597
-0.0080432,0.045185,-0.0037562,0.061216,0.12953
0.10863,0.18606,0.13167,0.16046,0.22426
0.10961,0.17718,0.1175,0.078132,0.21281
0.0078734,0.10688,0.22364,0.070164,0.19308
0.13775,-0.0075528,0.04711,0.17584,0.21071
-0.098484,0.12994,0.3959,0.23198,0.021528
-0.027683,0.14598,-0.32084,-0.027195,0.12663
0.38335,0.69354,0.32039,-0.21637,0.18441
0.025695,0.42793,0.29676,0.20333,0.043322
-0.025874,-0.24395,0.034717,0.13034,0.2059
-0.03207,0.069911,0.074792,0.044107,0.24188
0.12506,0.28668,0.16652,0.015904,0.31364
0.06084,-0.13907,0.52156,0.18211,-0.14501
0.33148,0.39732,0.31414,0.27641,0.13494
0.27853,0.27359,0.18053,-0.30646,0.073173
0.11062,0.46458,0.079054,-0.026126,0.17824
0.024821,0.26966,0.20217,0.12354,0.30775
0.062063,0.236,0.12817,0.24565,0.18087
0.20331,0.29635,0.12934,0.37446,0.17655
0.069424,0.21118,0.12834,0.013436,0.28845
0.19838,0.11755,0.15451,0.22793,0.14582
0.44673,-0.014102,0.19159,0.30518,0.013553
0.18555,0.51165,0.2234,-0.029156,0.16292
0.060541,0.045402,0.15939,0.16541,-0.0438
0.055367,0.065218,0.13245,0.21686,0.19019
-0.11162,-0.51649,0.52843,0.3023,0.17264
0.11269,0.15756,0.12048,0.1922,0.26642
-0.091236,-0.34737,-0.1981,0.092541,0.12386
-0.18091,0.069687,-0.11415,0.10415,0.081439
-0.012263,0.1596,0.14189,0.12006,0.18649
0.10565,0.19904,0.099189,0.23579,0.32142
0.21312,0.25493,0.018072,0.2494,0.16109
-0.14769,-0.076915,0.4209,0.21862,-0.12388
0.25905,0.25386,0.34256,0.22761,0.57959
0.24049,0.28536,0.20774,0.21767,0.30948
0.30185,0.35756,0.30357,0.2446,0.26691
0.074017,0.365,0.16072,0.12373,0.56642
-0.025581,0.18478,0.0029132,0.084529,0.17913
0.24859,0.25152,0.15043,0.2166,0.30708
0.038368,0.20468,0.1548,0.17855,0.25368
0.26656,0.059027,-0.064315,-0.17858,0.34846
0.23284,0.19617,0.40066,0.1675,0.24917
0.23761,0.04049,0.0952,0.14569,-0.0092233
0.30654,0.29374,0.26799,0.29034,0.2294
-0.096963,0.17137,0.23093,0.048111,0.10442
-0.22765,0.11256,0.28219,0.26941,-0.050097
0.0052614,0.071629,0.010415,0.054729,0.050685
-0.019547,0.25856,0.025621,0.062531,0.15059
-0.16144,-0.025428,0.56561,0.10339,0.22463
0.30812,0.26745,0.11879,-0.28662,0.21787
0.17594,0.19245,0.064052,0.14073,0.13245
0.29601,0.1963,0.02404,0.13138,0.28102
0.05592,0.22401,-0.16192,0.38232,-0.16068
0.056416,0.18335,0.085993,0.043429,0.11511
0.033445,0.19029,0.12744,0.22514,0.1731
0.062499,0.14211,0.14949,0.1916,0.36381
0.094532,0.040219,0.17936,0.30933,-0.05797
0.36053,0.046323,0.12925,0.23859,-0.066554
0.27153,0.23346,0.21272,0.19725,0.15048
0.11669,0.2512,0.11993,0.15706,0.32707
0.24645,0.30655,0.23602,0.27162,0.38202
0.29294,0.34377,0.24389,0.19733,0.03776
0.044461,0.061389,0.13873,0.045934,0.10557
0.16875,0.23966,0.2486,0.26865,0.28672
0.18003,0.25441,0.28029,0.12948,0.33813
0.17721,0.12549,0.17095,0.22992,0.078832
0.084768,0.22012,0.15528,0.17436,0.25199
-0.072322,0.35444,0.16508,-0.0055089,0.054455
0.2435,0.07957,0.16449,0.19202,0.016649
0.22425,0.35573,-0.25321,0.29346,0.028439
0.32627,0.38941,0.29124,0.24194,0.35463
0.51282,-0.086293,0.016691,0.34271,-0.068806
0.12352,0.2204,0.12219,0.020439,0.24993
-0.043626,0.37255,-0.064908,0.23578,0.41221
0.31769,0.21524,0.18432,0.10816,0.059837
0.051461,0.14655,0.074472,0.083181,0.17775
0.13972,0.12925,-0.010051,-0.61341,-0.41007
0.11039,0.27428,0.13754,0.58076,0.74482
0.19327,0.10741,0.13304,0.16316,0.024818
0.025919,0.053187,0.016068,0.0022505,0.11962
0.18615,0.17477,0.17221,0.29912,0.26489
0.20677,-0.010698,0.14708,0.053654,-0.079623
0.0079515,0.17849,0.2147,0.064703,0.35462
-0.32982,0.27325,0.20962,-0.12876,0.39639
0.018315,0.20722,0.2731,0.017595,-0.066391
0.15983,0.11108,0.16206,0.10142,0.17845
0.28183,-0.082057,0.20563,0.20703,-0.091416
0.12861,0.11433,0.17198,0.14392,0.069496
0.025937,0.089166,0.046029,0.085814,0.084364
0.01123,0.24382,0.17383,0.12045,0.071819
0.29917,0.25948,0.12161,0.26581,0.35858
0.013902,0.20566,-0.017453,-0.04789,-0.052988
0.13132,0.27564,0.1352,0.061444,0.36346
0.21046,0.12972,0.18885,0.19359,0.059166
0.085485,0.14611,0.010253,0.13108,0.23887
0.21309,0.1668,0.279,0.20893,0.13858
0.11114,0.19938,0.2449,0.25797,0.29288
0.11731,0.048895,0.12986,0.032663,-0.0044037
-0.0038159,-0.015879,0.16769,-0.0069737,0.1829
0.22414,0.10485,0.20808,0.18566,-0.041168
0.25467,-0.084052,0.0084685,0.35812,-0.18135
0.12574,0.2011,0.15982,0.1422,0.24676
-0.027029,0.31443,-0.43844,0.55867,0.091113
0.26144,0.22769,0.16675,0.18889,0.023281
-0.0922,0.11737,0.39746,0.60562,0.0051738
-0.12577,0.045245,-0.0048725,0.088639,0.23649
0.075134,0.23434,0.16277,0.1837,0.34305
-0.036522,-0.12291,0.08587,0.056908,-0.33006
0.090918,0.39783,0.37852,0.26002,0.35024
0.11634,0.31001,0.18515,0.18889,0.31493
0.1926,0.19676,0.19195,0.13394,0.36396
0.1729,0.34436,0.1155,0.30144,0.3945
0.20399,0.27547,0.15617,0.20917,0.34765
0.3009,0.093749,0.18783,0.31348,0.099724
0.25087,0.25265,0.13574,0.30902,0.03607
0.14944,-0.014331,0.21103,0.10609,-0.15482
-0.088543,0.20528,0.23106,0.14443,0.43561
0.091369,0.13989,0.22345,0.099566,0.23624
0.041126,-0.26141,0.27902,-0.00059965,0.033012
0.41358,0.10583,0.04864,0.071823,0.29295
0.1775,0.31882,0.687,0.057415,0.22451
-0.00066084,0.034458,0.031535,0.028068,0.17574
-0.0096668,0.19784,0.1074,-0.15503,-0.0865
0.23133,0.16001,0.31273,0.32352,0.02615
0.30618,0.050493,0.20089,0.28336,-0.056975
-0.37439,0.084594,-0.0050121,-0.13531,-0.12368
0.23693,0.34342,0.30934,0.17946,0.08011
-0.049658,0.26785,0.16016,0.033797,0.33592
0.12582,0.25397,0.18015,0.10974,0.38929
-0.12287,0.52232,0.42837,0.62358,-0.18354
0.25042,0.2502,0.19603,0.28868,0.21093
0.1399,-0.10055,0.71308,-0.073875,-0.27723
0.23179,0.4222,0.073267,0.19131,0.28257
-0.12913,0.092846,-0.1497,-0.05378,0.21588
0.14406,0.26741,0.13415,0.18068,0.094364
0.26179,0.17395,0.22642,0.33159,0.16674
0.49906,0.024436,0.15783,0.21135,0.25737
-0.00058556,0.18325,0.073627,0.13697,0.13655
-0.0051837,0.10001,0.086713,0.093871,0.023763
0.013078,0.17162,0.020092,-0.038394,-0.077421
0.18431,0.12303,0.081613,0.11044,0.0156
0.16889,0.044617,0.22607,0.25625,-0.017796
0.29917,0.27858,0.20686,0.25405,0.065742
0.02144,0.22437,0.18465,0.18675,0.26777
0.28346,0.48211,0.19375,0.16653,-0.091741
0.16352,0.18769,0.20669,0.17019,0.16967
0.12427,0.24224,0.20437,0.21001,0.2671
0.13562,0.26335,0.26504,0.15864,0.2031
0.18978,0.35398,0.14243,0.048871,0.36353
-0.27866,-0.053953,-0.29012,0.24621,0.2404
-0.11494,0.10803,-0.050204,0.022145,0.1872
0.29597,0.19668,0.060671,0.065501,0.10822
-0.10389,0.12446,0.079344,0.057343,0.27731
0.0047242,0.066421,0.3575,0.071511,0.34911
0.1583,0.21842,0.13002,0.28272,0.28067
0.1658,0.029364,0.20275,0.0069256,-0.2554
0.20827,0.26475,0.12213,0.23331,0.33665
0.22532,-0.028078,0.51089,0.27024,-0.046232
0.047978,0.28614,0.072233,0.11468,0.43068
0.30303,0.23868,-0.05151,0.18812,0.36301
0.18525,0.029011,0.1008,0.10514,-0.053622
0.20794,0.24073,0.19306,0.25922,0.15813
0.37207,0.21944,-0.0022505,0.076812,0.39207
0.17245,-0.088901,-0.0409,0.14245,-0.23612
0.33916,0.39711,0.34757,0.3136,0.3884
0.27947,0.14446,0.2326,0.23831,0.10156
0.073839,0.076675,0.074209,0.059714,0.030931
0.24944,0.26172,0.21962,0.025142,-0.0040012
-0.0034698,0.013354,0.085713,0.20676,0.18748
0.15315,0.21638,0.3509,0.34371,0.233
0.22415,-0.18346,0.42415,0.35664,-0.22824
0.42182,-0.29027,0.18237,0.13776,0.14866
0.3044,0.22248,0.2026,0.26322,0.054206
0.17524,0.11037,0.085225,0.18904,0.19696
0.15043,0.22097,0.16957,0.2311,0.17268
0.46252,0.20763,-0.12523,-0.18029,0.1942
0.15654,0.1865,0.28573,0.1973,0.34011
-0.034318,0.11509,0.43066,0.29542,0.38294
0.27352,0.2076,0.031596,0.083162,0.052358
0.2133,0.19615,0.12458,0.21926,0.091432
0.30403,0.16823,0.28358,0.011851,0.34695
0.0081107,0.60185,0.31721,0.13282,0.31761
0.32133,0.085465,0.17925,0.36125,0.12275
0.25584,0.1515,0.27446,0.22856,0.10014
0.13963,0.19109,0.23258,0.13998,0.14523
-0.39207,0.2478,0.8302,-0.75036,-0.3721
0.12697,0.15142,0.071024,0.24259,0.25905
0.043929,-0.17915,0.22671,0.11951,0.34022
0.25518,-0.010274,0.067816,0.18601,0.057173
0.094509,0.29288,0.17416,-0.012946,0.26736
0.14979,0.27549,0.2723,0.030266,0.3426
0.10172,-0.24362,0.1485,-0.18304,0.29871
0.16647,0.34713,-0.080049,0.27903,0.1429
0.013772,0.10983,0.12847,0.16771,0.15322
-0.19338,-0.12715,-0.19554,-0.09587,0.23539
0.19185,0.062896,0.20122,0.084838,0.084402
0.22439,0.22943,0.18586,0.23768,0.26436
0.13992,0.22827,0.20975,0.20329,0.16673
0.30914,-0.0052611,0.36007,-0.19836,-0.25826
0.28596,0.22169,-0.024469,0.0021078,-0.049194
0.22034,0.5264,0.37704,0.17463,0.4275
0.085673,0.026591,-0.27014,-0.13615,-0.38481
0.29441,0.23632,0.17017,0.18102,0.15524
0.075832,0.076111,0.076617,0.084866,0.054679
0.14846,0.11639,0.092128,0.12522,0.24171
0.3634,-0.087367,-0.19813,0.088788,-0.056269
0.1032,0.1845,0.32567,-0.10008,0.25085
-0.027595,0.33909,0.18602,0.15725,0.28601
0.40703,-0.10056,-0.20009,0.10623,0.086398
0.26743,0.32607,0.059462,0.1619,0.16609
0.5538,0.51249,0.41988,-0.13751,-0.16268
0.29981,0.10917,-0.21417,0.49588,0.36093
0.11902,0.44182,-0.069334,0.19973,0.32073
0.069103,0.19642,0.0020654,0.29112,0.1269
0.37974,0.20978,0.12978,0.237,0.18324
0.15914,0.13407,-0.11207,0.043497,0.69914
0.068499,0.34169,0.14882,0.24519,0.45622
0.15727,0.13126,0.14882,0.15868,0.13926
0.29643,-0.25746,0.2202,-0.086886,-0.61165
0.14648,0.063502,0.22518,0.26467,0.1763
0.35282,0.29976,0.27617,0.26256,0.20636
0.1919,0.01834,0.18559,0.1584,-0.021032
0.13928,0.13618,0.19434,0.1173,0.18366
0.10241,0.22015,0.00078517,0.028433,0.28245
0.25256,0.26008,0.29571,0.31813,0.24937
-0.011623,0.19238,0.14768,0.15858,0.37612
0.27968,0.039371,0.12163,0.090367,-0.1253
-0.16754,0.15249,0.072699,0.13611,0.3863
0.043664,0.15864,0.24192,0.15514,0.25207
0.40621,0.14967,0.52431,-0.0051266,-0.29319
0.37312,0.18617,0.37365,0.063661,0.41947
0.13587,0.23209,0.10952,0.13048,0.29247
0.10987,0.19885,0.27823,-0.013237,0.13724
0.21795,0.1646,-0.015769,0.32161,-0.0022093
0.023992,0.14603,0.066117,0.17196,0.39731
0.14462,0.22972,0.15677,0.20608,0.27079
-0.068182,0.040331,0.045907,-0.093738,0.07325
0.074343,0.22546,0.023794,0.11368,-0.0070988
-0.0089793,-0.41063,0.018542,-0.38133,-0.40026
0.12453,0.065517,0.11543,0.11153,0.010111
0.12709,0.072363,0.16659,0.16786,0.29246
0.14589,0.17491,0.18209,0.19574,0.25683
0.17587,0.12103,-0.72985,0.31748,0.3044
0.24019,0.26489,0.26873,0.40216,0.067524
0.018618,0.06172,-0.0388,-0.047503,0.10218
0.16274,0.37835,0.18306,0.12407,0.23314
0.37859,0.18665,0.24784,0.26169,0.20827
-0.099484,0.051157,-0.081093,0.20876,0.19178
0.11482,0.060749,0.07172,-0.01282,0.11214
0.14286,-0.22272,0.055175,0.25188,0.005204
0.26212,0.12857,0.034402,-0.03139,-0.1516
0.27758,0.11927,0.24053,0.20762,0.037738
0.20826,0.46927,0.043891,0.34619,0.48941
0.2413,0.31421,0.19121,0.14816,0.26615
0.26783,0.10204,0.23332,0.26831,0.13708
0.21928,0.0082937,0.1414,0.18504,0.0099077
0.13832,-0.097985,0.18068,0.31706,-0.087599
0.26776,0.29396,-0.045472,0.28915,0.28324
0.043548,0.14525,0.26483,0.49896,0.29987
0.054474,0.28469,0.12743,0.056566,0.36366
0.28166,0.062149,0.17948,0.23083,-0.027794
0.24704,0.079273,0.26723,0.46753,0.010825
0.17776,0.12046,0.13258,0.21889,0.074994
0.29707,0.19719,0.016729,0.19347,0.25625
0.28019,0.090092,0.15327,0.18541,0.083934
-0.079352,0.14506,0.075093,0.10499,0.24652
0.0069692,0.11857,0.083899,0.26214,0.25302
0.050868,0.13499,-0.00041616,0.051823,0.25588
0.080462,0.20335,-0.022001,0.083322,0.16497
-0.037105,-0.016557,-0.050232,0.15224,-0.64644
0.25007,0.15514,0.14042,0.29385,0.24089
0.045924,0.08417,0.1586,0.10299,0.053613
-0.0053631,-0.081226,0.032294,0.31122,-0.074452
0.31499,0.14255,0.25603,0.31585,0.13819
0.038206,-0.11367,-0.13207,0.16494,-0.12876
0.16221,0.24782,0.037971,0.051667,0.30488
0.34115,0.7358,0.33483,0.2358,-0.14267
0.40885,-0.25311,0.4954,0.30693,-0.22276
0.5056,0.38191,0.24864,0.19592,0.16575
-0.032244,0.34712,-0.11358,0.093215,0.37531
0.1657,-0.12234,0.035032,0.2962,-0.075803
0.21822,0.16819,0.16421,0.17658,0.046666
0.059244,0.054256,0.15765,0.22445,-0.28215
0.080166,0.091659,0.1076,-0.1869,-6.6025e-05
0.20888,-0.020565,0.51044,0.39051,0.15593
0.19716,-0.1077,0.17497,0.15451,-0.098104
0.080643,0.3955,0.09708,0.28405,0.55473
0.26134,0.13898,0.64428,-0.19308,0.49128
0.17202,0.1546,0.13986,0.12844,0.15399
0.057732,-0.016961,0.02954,0.072667,0.17094
0.15638,-0.030826,0.17117,0.079877,0.0006096
0.04804,0.13101,0.10762,0.038621,0.21894
0.16709,0.22554,0.35801,0.096881,0.026057
0.29497,0.56719,0.2409,0.28637,0.41327
0.15961,-0.028076,0.043503,0.20952,0.15963
0.38253,0.2142,0.17392,0.31261,0.0084816
0.22769,-0.04136,0.13945,-0.0069282,-0.065542
-0.036379,0.0096017,0.12173,0.13032,0.1806
0.12375,-0.27491,0.85281,0.23769,0.61322
0.18766,0.11841,0.18712,0.25896,0.12252
0.2596,-0.035123,0.25962,0.26867,0.052331
0.070797,-0.019624,-0.027046,0.065229,-0.070573
0.080482,-0.030895,-0.0073926,-0.0001206,0.020034
0.26655,0.093603,0.19525,0.20726,0.051865
0.17879,0.28235,0.18775,0.17961,0.39317
0.23226,0.11923,0.22752,0.31631,0.29489
-0.059438,-0.05423,0.11996,-0.090686,0.096389
0.11924,0.15243,0.11215,0.084179,0.19777
0.29761,0.1972,0.19911,0.24041,0.10466
0.11334,0.15626,0.088994,0.13782,0.29208
0.09541,0.17659,0.066054,0.11116,0.23014
0.26805,0.21808,0.42139,0.41847,0.31896
0.26449,0.077213,0.085629,0.27157,-0.049322
0.16436,0.2516,-0.37851,0.25237,0.061711
0.1296,0.14051,0.13821,0.47033,0.043619
0.20159,0.0016854,0.13886,0.31644,-0.047432
0.37181,0.18897,0.3877,0.047072,0.020821
0.27963,0.055451,0.48514,0.27358,-0.19524
0.072847,0.11918,0.1957,0.19839,0.14901
0.16349,-0.0096302,0.24761,0.047168,0.060137
0.02219,0.10829,0.13752,0.1118,0.1766
0.21604,0.095857,0.17973,0.20683,0.079771
0.16245,-0.05036,-0.050089,-0.010695,0.26447
0.23979,0.27507,0.12102,0.35975,0.39472
0.04743,-0.12709,0.10232,0.25495,0.36859
-0.12205,-0.0071937,-0.16201,0.15824,0.27842
-0.017972,0.049718,0.075425,0.28785,0.10532
0.3076,0.25444,0.28744,0.12448,0.22584
0.068667,0.23509,0.11786,0.1974,0.31435
0.14917,0.053521,0.19234,0.15789,0.012209
0.38398,0.35668,0.0084197,0.26359,0.17868
0.27389,-0.071306,0.002856,0.036774,-0.024147
0.085612,0.043636,0.074102,0.08211,0.025154
-0.056921,0.20609,0.20768,0.18556,0.41433
-0.20199,0.082133,0.014471,-0.11321,0.059924
0.10611,0.1351,0.15944,0.19128,0.23476
0.19211,0.28634,0.27832,0.10392,0.33746
0.019252,0.1406,0.46751,0.60246,0.5878
0.17756,0.19645,0.068342,0.032314,0.20669
0.2326,0.42968,0.3044,-0.1428,0.3787
0.13286,-0.012808,-0.02283,0.067748,0.056528
0.13243,0.11722,0.33721,-0.079378,0.15281
-0.51635,0.67581,0.12091,0.64124,0.16653
0.17253,-0.08248,0.29302,0.32506,-0.073767
0.17078,0.08585,0.11663,0.12396,0.058514
0.35117,-0.13375,0.032222,0.57509,-0.36292
0.25951,0.20731,0.31429,0.12763,-0.045516
0.36297,0.40806,-0.1163,-0.1826,-0.098138
-0.18493,-0.13921,-0.12791,0.095591,0.33634
0.28558,0.32738,0.23087,0.36105,0.45836
0.064055,0.009155,-0.037752,0.10711,0.24035
0.22616,0.10175,0.39442,0.28724,-0.12027
-0.052639,0.065101,0.026965,-0.0013282,0.10643
0.074757,2.3814e-05,-0.030421,0.055106,-0.067048
0.19881,0.1474,0.24937,0.12002,-0.017674
0.15616,0.087905,0.12144,0.1149,-0.044063
0.052405,-0.044814,0.32547,0.26876,-0.55426
0.074311,0.34489,0.34636,0.070378,0.52812
0.043441,0.20647,0.14555,0.14465,0.40242
0.3266,0.40571,0.3375,0.2733,0.33823
0.15231,0.18555,0.19909,0.18457,0.10234
-0.044319,0.081729,0.15936,0.25723,0.27075
0.37437,0.3957,0.10564,0.13414,0.34766
0.23237,-0.041282,0.25836,0.19908,-0.31427
0.3526,0.084955,0.2381,0.035146,0.031481
0.11888,0.090821,0.56676,0.18022,0.055088
0.18129,-0.14398,0.029082,0.21429,-0.11869
0.21523,0.26514,0.24343,0.28826,0.31884
0.24584,0.28411,0.22072,0.21673,0.298
0.45303,-0.02922,0.023027,-0.017544,0.10317
0.34517,-0.097708,0.28401,-0.0273,0.077553
0.21692,-0.61809,0.36686,0.27941,-0.13777
0.15457,0.38291,0.22988,0.096277,0.33832
0.19219,0.14474,0.10532,0.20979,0.069989
-0.029173,0.16012,-0.047069,-0.025623,0.19558
-0.17876,0.15128,0.047628,0.029086,0.15329
0.16456,-0.36436,0.92546,0.70953,0.34159
6.8184e-06,0.083976,0.19751,0.22997,0.25216
0.13051,0.27112,0.039638,0.23526,0.2443
0.11623,0.032794,0.18111,0.30228,-0.055368
0.18776,0.30608,0.34918,0.11925,0.17192
0.16525,-0.23099,-0.10464,0.36037,0.23781
0.25251,0.34849,0.27483,0.23358,0.33456
0.070003,0.22547,0.31463,0.11716,0.15456
-0.039034,0.10376,0.014717,0.25278,0.31525
0.31597,0.14326,0.1648,0.29143,0.12276
0.18485,-0.024429,0.34411,0.31845,0.080631
0.12581,0.0047276,0.064697,0.073621,-0.13224
0.27289,0.14001,0.19744,0.20882,0.13366
0.27743,0.27494,0.2901,0.31029,0.25458
0.42201,-0.08203,0.029282,0.33078,0.26403
0.15802,0.17847,0.29799,0.19554,0.14929
0.20928,0.12726,0.15789,0.11223,0.14887
0.24517,0.47768,0.82283,0.0043566,0.4905
0.15751,0.14641,0.22183,0.21954,0.2647
-0.11885,-0.069681,-0.00044525,-0.045851,-0.033463
0.21095,0.13468,0.19727,0.30026,0.14876
0.057358,0.021796,0.13955,0.18622,-0.092591
0.45218,0.29087,0.03099,0.2411,0.24179
0.31989,0.12561,0.16497,0.29849,0.080604
0.14867,-0.12806,0.12775,0.14905,0.042334
0.16641,0.16019,0.25065,0.08533,0.092214
0.27972,0.25514,0.22879,0.10634,0.33444
-0.14012,-0.33572,0.29781,0.05719,-0.19212
0.18268,0.06808,0.50149,0.20678,-0.0055253
0.2439,0.093809,0.059843,0.28225,-0.17109
0.083492,0.25016,0.0662,-0.046055,0.20429
0.12073,0.21148,0.1963,0.18106,0.18846
-0.22422,0.10131,-0.036003,0.18653,0.26009
0.17273,-0.11184,0.073715,0.091192,-0.080943
0.13708,0.22361,0.11363,0.15115,0.26388
-0.021656,-0.14622,0.10084,0.19689,-0.10395
0.015857,0.15017,0.072534,0.24136,0.31136
0.13557,0.050334,0.21775,0.21033,0.099748
-0.11365,0.088197,0.10249,0.19168,0.15929
0.35381,0.048854,0.17536,0.33551,-0.097098
0.075765,0.26122,0.082973,0.080537,0.12219
0.2054,0.17809,0.18325,0.23711,0.14227
-0.23304,0.60401,0.14461,0.36599,0.51061
-0.0803,-0.11264,0.2316,0.5883,0.1877
0.30609,0.14277,0.32296,0.33897,0.07904
0.16234,0.18671,0.24115,0.33134,-0.03692
0.098344,0.14342,0.062311,0.1131,0.16297
0.29287,0.11696,-0.31951,0.1769,0.56418
-0.067873,0.059073,-0.1413,-0.45788,0.29496
0.096732,0.27002,0.14226,0.18325,0.27929
0.021584,0.094728,0.12691,0.088683,0.14209
0.31441,0.21558,0.17055,0.20513,0.13917
0.30487,0.26848,0.053075,0.1792,0.20253
0.051603,-0.28531,-0.072055,0.078683,0.51413
0.21821,0.2011,0.17496,0.35756,0.068269
0.16882,0.22842,0.18177,0.19777,0.30867
0.072102,0.10667,0.12202,0.054823,0.097352
-0.034772,0.17485,0.1267,0.031597,0.27109
-0.10886,0.2247,0.19006,0.1155,0.37599
0.094434,0.2851,0.14633,0.34941,0.040815
0.28287,0.27274,0.10927,0.31702,0.26724
0.15037,-0.091576,0.10417,0.074469,0.087051
0.36399,0.0058748,0.071561,0.014602,-0.23098
-0.11921,0.24313,0.15136,-0.085217,0.26892
-0.15107,0.096574,-0.067793,0.34187,0.11034
0.229,-0.071515,0.21516,0.094078,0.16773
0.066194,0.22481,0.01079,0.31449,0.55991
0.40549,0.016593,0.20211,0.54747,0.16263
0.26714,-0.13424,-0.18914,0.15966,-0.30525
0.071771,0.020897,0.1703,0.34497,0.22797
0.21645,0.3125,0.11175,0.23505,0.086778
0.22653,0.32977,0.087991,0.036905,0.17462
-0.27118,-0.15033,0.31037,0.26007,0.57152
0.2719,0.18271,0.16809,0.22119,0.10573
0.23195,0.27929,-0.066796,0.20228,0.41167
0.28249,0.032513,0.27485,0.14042,0.028293
-0.053987,0.071404,-0.22407,0.073361,0.17866
-0.091507,0.15486,0.091767,0.082778,0.26571
0.44268,0.22974,0.14231,0.21515,0.12704
0.046869,0.0044274,0.1091,-0.0078213,-0.080758
0.35616,-0.25144,0.48475,0.15311,-0.20967
0.17103,0.13255,0.23813,0.22106,0.10283
0.18937,0.15544,0.22733,0.16824,0.27478
0.12939,-0.022149,-0.007771,0.16564,-0.01346
0.077688,0.10631,0.1814,0.062248,0.2441
0.18192,0.11222,0.085873,0.14136,0.085653
-0.13256,0.34724,-0.38112,0.12091,0.55692
0.024009,0.52659,-0.0037748,-0.056568,0.56714
0.30556,0.010192,0.24671,0.28005,0.25783
0.29096,0.16555,0.13299,0.13057,-0.10989
0.0409,0.065277,0.07218,-0.056086,0.11747
0.45085,0.079141,0.043259,0.11531,-0.21905
0.19208,0.22628,0.053747,0.045929,0.35189
0.49384,-0.030199,0.74741,0.55195,0.11568
0.5224,0.12986,0.20342,0.26957,-0.10575
0.12235,0.28702,0.17016,0.068245,0.29088
0.17027,-0.14871,0.031654,0.19746,-0.186
0.56185,0.059626,-0.2272,-0.26048,0.13797
-0.069198,0.084801,0.042494,0.0044126,0.23839
0.48176,0.082552,0.21127,0.06999,-0.16747
0.28263,0.21432,0.12256,0.23406,0.041013
0.079563,0.19507,0.043484,0.22295,0.36783
0.095171,0.1685,0.12276,0.10132,0.38112
0.094754,-0.12797,-0.040329,0.04025,-0.17372
0.14379,0.4087,-0.038106,0.23469,0.091428
0.25612,-0.15419,0.21427,0.082345,-0.54851
0.25924,0.37567,0.19025,0.25531,0.13576
0.23149,0.20859,0.25515,0.20266,0.20533
0.20898,0.05462,0.23365,0.22488,0.31679
0.21626,-0.2535,0.41622,0.20647,-0.19578
-0.050294,0.21368,0.46283,0.31037,0.34495
-0.17271,0.24661,0.065595,0.010376,0.10648
0.26325,0.054337,0.27396,0.30063,0.0047807
0.16237,0.16709,0.20412,0.3204,-0.002651
0.23308,-0.13078,0.4562,0.19947,0.0044809
0.70201,0.0074079,0.34408,0.16005,-0.37258
-0.12925,0.079491,0.41453,0.2475,0.13579
0.38069,0.067875,0.0031317,-0.58942,-0.40518
0.26011,0.16314,0.20766,0.2375,0.072463
0.19224,-0.043764,0.076436,0.36821,0.14949
-0.41942,-0.36481,0.59784,0.34721,-0.27503
0.21112,0.083831,0.60841,-0.058223,0.41679
0.03153,0.011873,0.33105,0.11227,0.1061
-0.19177,-0.091109,0.59813,0.077374,0.16004
-0.058411,0.24226,0.18175,0.13827,0.46679
0.099119,0.026862,0.1609,-0.074556,0.009192
0.21373,0.37804,0.41098,0.014893,0.076438
-0.14187,0.58136,0.26737,0.19165,0.58707
-0.04977,0.13386,0.17028,-0.18505,0.4255
0.2876,0.19732,0.17799,0.24774,0.048229
0.26529,-0.62747,-0.27513,0.19611,0.22835
0.085234,0.43683,0.33419,0.052162,0.080911
0.29104,0.27753,0.26741,0.22735,0.29523
0.17177,0.31006,0.36544,-0.1702,0.59785
0.027316,-0.026464,0.32971,0.18039,0.54308
-0.021229,0.16986,0.29226,0.13305,0.20511
-0.036542,-0.02843,0.20291,-0.023159,0.27566
0.33177,0.16174,0.055131,0.25722,-0.029951
0.16429,0.20238,0.099187,0.22968,0.28729
0.25668,0.087339,0.22141,0.1363,0.12418
0.23823,0.16685,0.18926,0.26898,0.087309
0.45442,0.3075,0.13267,0.14445,0.10524
0.25349,0.26629,-0.0010997,0.088552,0.20631
0.032108,0.27662,-0.30367,0.19804,0.096377
0.15534,0.18,0.19767,-0.15441,0.13782
0.21588,-0.020011,0.35926,0.13171,0.19588
0.097239,-0.25806,0.75203,-0.069209,0.2617
0.16893,0.14959,0.12642,0.17713,0.17545
0.17469,0.26191,0.23563,0.11229,0.095033
0.13508,0.2468,0.1622,0.098247,0.27677
0.17325,-0.084807,0.096628,0.20905,-0.41605
0.010323,0.059574,0.030871,-0.42977,0.001689
0.45588,-0.045421,0.34386,0.21154,-0.38318
-0.13087,1.3061,-0.17347,0.17843,0.057822
-0.026779,0.12424,0.096902,0.15993,0.21051
0.17413,0.071559,0.19198,0.21926,0.073989
-0.38139,0.24627,-0.12702,-0.22579,0.68856
0.11567,0.19899,0.13001,0.14176,0.25701
0.030242,-0.058064,0.017811,0.070591,0.10456
0.35465,0.12359,0.40922,0.2886,0.094215
0.3322,0.066808,-0.12983,0.2562,-0.10097
-0.11739,0.069292,0.31584,-0.023031,0.25466
0.24178,-0.10193,-0.096883,-0.030645,0.010661
0.34765,-0.047684,0.10096,0.12871,0.23445
0.32999,0.20068,0.22661,0.15221,0.35465
0.25456,0.24669,0.13874,0.2279,0.25225
-0.0047891,0.074209,-0.0062416,0.12137,0.12752
0.32326,0.26924,0.2227,0.27886,0.23358
-0.049232,0.10281,-0.50543,0.0011555,-0.11477
0.10997,0.41905,0.044489,0.30496,0.085496
0.33695,0.069495,0.011886,-0.18297,-0.13383
0.24746,-0.058765,-0.0073577,0.21231,-0.047875
0.37134,0.077837,-0.11526,0.66086,0.33645
0.20852,-0.075114,0.25732,0.12256,-0.094823
0.055173,-0.030485,-0.16011,0.25739,0.15235
0.22238,0.033871,0.23025,0.055686,0.0068687
0.46185,0.10505,0.18045,0.050708,0.18926
0.19052,0.20567,0.10829,0.11523,0.14698
0.32063,-0.35279,0.38332,0.067321,0.13683
0.14624,0.14452,0.29644,0.18175,0.13281
0.32718,0.038158,-0.077834,0.28935,0.39383
0.23942,0.16148,0.17185,0.24266,0.081732
0.24329,-0.1082,0.12308,0.5841,0.20519
0.17232,0.0019947,0.12455,0.31528,0.079536
0.37919,0.19201,0.11131,-0.02818,0.10264
0.14569,0.1845,-0.024373,0.12865,0.43749
0.1341,0.18336,0.19908,0.14799,0.24088
0.25238,0.047312,0.1286,0.24932,-0.061664
0.78146,0.38246,0.011488,-0.023499,0.087065
0.14874,-0.042846,0.069987,0.027801,-0.1661
0.035125,0.46764,0.28303,0.12719,0.022533
0.17514,0.041923,0.030941,0.19689,0.0089706
0.56029,-0.052157,0.22486,0.063171,-0.34858
0.34441,-0.17094,0.16257,0.071745,-0.12185
0.27086,0.67559,0.39808,0.17388,0.49602
0.19354,0.029045,0.17456,0.2024,0.087053
0.0089766,0.20696,0.11784,0.1596,0.35544
0.18235,0.20899,0.1221,0.33132,0.27671
0.14674,0.04499,0.10599,0.16091,0.018568
0.46027,0.12569,0.067516,-0.067595,0.43101
-0.029053,0.1567,0.16779,0.75684,0.3848
0.36678,-0.063527,-0.022447,0.10639,0.16058
-0.065266,-0.12043,0.3412,0.086874,0.052615
0.27374,-0.41908,0.40059,0.14632,-0.63402
0.43738,0.058121,-0.19917,0.35697,0.17786
0.12305,0.23459,0.26873,0.1655,0.020831
0.24851,0.1899,0.19452,0.23709,0.14185
0.36704,-0.032656,0.049688,0.089854,-0.033293
0.1173,0.068297,0.033604,0.27786,-0.081226
0.39355,0.46848,0.06657,0.083263,-0.060465
0.040658,0.37686,0.22709,0.24967,0.10886
0.055433,0.6974,0.39688,0.44805,-0.35351
0.19535,0.40532,0.098286,0.037185,0.13386
0.40188,0.16284,0.17498,0.24181,-0.0018675
0.1436,0.23061,0.17251,0.17133,0.28358
0.079237,-0.020532,-0.1348,0.21212,-0.10102
0.058755,-0.24789,0.19265,0.24682,-0.18476
0.30222,0.076637,0.1002,0.18404,0.069185
0.14683,0.14038,0.049332,-0.11505,0.19396
0.11508,0.3103,0.033203,0.094865,0.28681
0.11196,0.24163,0.12764,0.24612,0.27676
0.32632,0.033281,0.27233,0.28635,0.2638
0.42675,0.15686,0.25373,0.25333,0.29745
0.19569,-0.065894,0.26713,0.23444,-0.18245
0.034815,0.27189,0.10518,0.2298,0.40128
0.22592,0.4174,0.16199,0.19145,-0.071502
-0.003001,-0.078609,0.016938,0.21444,0.16267
0.24198,0.12375,0.29471,0.49718,0.43937
0.46066,0.32443,0.16994,-0.1221,0.11875
0.24718,0.24171,0.029206,-0.070959,0.090513
0.18405,0.11282,0.3597,0.2024,0.112
-0.085596,0.15948,0.041833,-0.018963,0.25209
0.18246,0.14394,0.39898,-0.0024348,0.11921
0.16959,0.25897,0.0066724,-0.045034,0.43226
0.13608,0.02566,0.083117,0.015727,-0.016256
0.25695,0.23126,0.080051,0.20659,0.15476
-0.13184,-0.010589,0.50154,-0.37195,-0.12648
0.17928,0.21434,0.14073,0.22049,0.20374
0.37489,0.20414,0.25865,0.08043,-0.049256
0.11521,0.048185,0.03723,0.0020882,0.027105
0.030919,-0.045152,-0.027223,-0.018821,-0.073927
0.12842,-0.17696,0.076425,0.11712,-0.31893
0.26058,0.23548,0.17575,0.3145,0.17004
0.17892,0.222,0.1292,0.33175,0.038286
-0.056077,0.09074,0.2805,0.31594,-0.30301
0.13639,0.38593,0.16682,0.19897,0.34573
-0.11597,0.024936,-0.11907,-0.15589,-0.059769
0.27633,0.18942,0.44576,0.31373,0.48639
0.5778,0.58366,0.15342,-0.20369,0.48467
-0.1694,0.50095,0.17126,0.11553,0.19981
-0.14654,0.070191,0.17903,0.12655,0.041604
0.064507,0.12025,0.24008,0.21131,0.15805
0.11432,0.10652,0.099467,0.062364,0.074827
0.18002,0.080013,0.13244,0.1349,0.03501
0.49665,0.22029,0.33241,0.12534,-0.01237
0.23653,0.20654,0.2538,0.2194,0.072442
0.4965,0.44252,0.58829,-0.018971,0.4408
0.024679,-0.041814,-0.23761,-0.37016,0.028196
0.16008,0.19756,-0.024035,0.06185,0.27383
0.36894,0.32875,0.21636,0.2787,0.34676
0.22064,0.39123,0.060878,0.24118,0.45537
0.15218,0.29165,0.1883,0.20938,0.25735
0.29911,0.086312,0.069003,0.22771,-0.055958
0.065259,0.055388,0.22307,0.14951,-0.35377
0.57001,-0.26232,0.37068,0.43561,-0.34193
0.11798,0.35259,0.13589,0.0072101,0.34689
0.07742,0.23234,-0.00055706,0.17247,0.22607
0.022206,-0.012125,0.35656,0.068427,0.36937
0.0999,0.058608,0.0051669,-0.043141,0.25995
0.096059,0.27936,0.21921,0.15789,0.22427
0.1481,0.11363,0.14481,0.083585,0.25946
0.28034,0.25027,0.20196,0.21555,0.24246
0.2678,0.090317,0.23594,0.3753,0.082898
0.2858,0.096294,0.19808,0.36846,0.14746
0.014238,0.07043,-0.021303,-0.0019954,0.14594
0.086682,0.31533,0.17578,-0.074101,0.4986
0.21306,0.12769,0.19275,0.16703,-0.037161
0.29848,0.28114,0.1734,0.1938,0.20181
0.11366,-0.021907,-0.1445,0.13053,-0.14667
0.10261,0.28291,0.20507,-0.10881,0.085887
0.17835,0.20708,0.15661,0.14195,0.16371
0.19933,0.33756,0.26805,0.29165,0.40151
-0.041802,0.24233,0.17397,0.046642,0.13772
0.21391,0.20469,0.19986,0.2178,0.23149
0.23983,0.19452,0.19817,0.35352,0.087495
0.045044,0.18152,0.15152,0.13228,0.202
0.51085,0.32636,-0.078377,-0.0083809,0.25425
0.38807,0.26765,0.31364,0.26877,0.20004
0.1175,0.041279,0.05644,0.13112,-0.00030648
0.46199,0.30915,-0.21152,-0.011844,0.31276
0.25329,0.082982,0.30868,0.15041,0.049738
0.46576,0.13099,0.43372,0.08461,0.29608
0.11566,-0.070795,0.30418,0.28653,-0.060236
0.0034045,0.34929,0.18212,0.43905,0.075849
0.16298,0.23576,0.22527,0.15876,0.28472
0.04667,0.047916,-0.081823,-0.21626,-0.0032378
0.16282,0.17976,0.11205,0.33938,0.1405
-0.047586,0.14414,0.15549,-0.057361,0.18351
-0.054532,-0.016487,0.12979,0.090351,-0.021295
0.03372,0.17635,0.11039,0.014313,0.15859
-0.10858,-0.017223,-0.08644,0.35117,0.23988
0.23809,0.26216,0.22916,0.32243,0.28469
-0.020405,0.18803,0.020624,0.031338,0.10858
-0.21497,0.092251,0.15491,0.14345,-0.058635
0.16552,0.31474,0.18785,0.16611,0.2892
-0.27392,0.29334,-0.17832,0.17891,0.24572
0.076776,0.0093921,0.27926,0.14332,0.36916
0.23267,0.25907,0.18591,0.15244,0.34603
-0.049182,0.43106,0.10096,-0.28742,0.43022
-0.10534,-0.046864,0.085838,-0.085295,0.055051
0.1247,0.14163,0.18769,0.19592,0.15296
0.29035,0.16966,0.075019,0.30751,-0.0040484
0.2935,-0.15343,0.1295,0.27073,-0.19298
0.37612,0.072653,0.19385,0.24126,0.047423
0.12876,0.22986,0.15585,0.098902,0.095852
0.19877,0.15851,-0.022579,0.17777,0.16679
0.00065521,0.14422,0.2276,-0.11861,-0.28731
0.13935,0.38454,0.25353,-0.046636,0.51351
0.22975,0.0048268,0.23859,0.174,-0.22666
-0.081148,-0.085654,-0.12069,-0.074203,0.40302
0.1898,0.24211,0.22875,0.10168,0.3021
0.086511,-0.13329,0.23713,0.047032,0.23726
-0.022479,0.17921,0.26301,0.28657,0.16766
0.14202,0.18449,0.18238,0.15297,0.26352
0.29152,0.32903,0.30892,0.39894,0.46592
0.10178,0.0564,0.049817,0.029447,0.079245
0.0031704,-0.055297,0.28409,-0.06985,-0.36166
0.039423,0.21292,0.035235,0.092752,0.21138
0.081437,0.32623,0.38596,0.44254,0.14078
0.27964,0.1575,0.18683,0.22162,-0.052713
0.33512,0.11897,0.22029,0.38447,-0.04869
0.16768,0.1421,0.27761,0.1301,0.0063382
0.41596,0.26207,0.34115,0.019318,0.18713
0.14794,0.13746,-0.016523,0.16215,0.071079
0.22693,0.24719,0.18212,0.23109,0.20437
