6.4528e-05,1.6576e-06,7.3503e-05,8.5952e-05,7.2174e-05
0.70545,0.22863,0.092367,0.36623,-0.093528
-0.07501,-0.12751,-0.081685,-0.092009,-0.14383
-0.0015503,-0.19236,-0.10971,-0.074586,-0.32197
-0.059842,0.086212,0.016302,-0.0072328,0.041766
-0.091792,0.065239,-0.11523,-0.08479,-0.098616
0.029319,-0.028842,0.0014249,0.074564,0.055752
0.30277,0.042773,0.37695,0.22812,0.12344
0.10139,0.10262,0.23272,0.1515,0.19724
-0.065772,0.45976,0.14008,0.088777,1.0482
-0.018909,0.1023,0.14102,-0.033858,0.18557
0.12918,0.41431,0.19524,0.24263,0.037879
0.54617,0.53153,0.55457,0.4487,0.57494
0.083353,0.15169,-0.52092,-0.19312,0.25083
0.030754,0.43599,0.42083,-0.09965,0.67564
0.4042,-0.4488,0.87076,0.30778,-0.32656
-0.0023444,-0.035264,-0.089062,0.045575,-0.015019
-0.042602,-0.029736,-0.084623,-0.015431,-0.11048
-0.033715,-0.014446,-0.006453,-0.0208,-0.022318
0.066683,0.25119,0.20501,0.042036,0.37884
-0.064525,0.0030608,-0.012867,0.048421,0.10572
-0.34579,-0.15256,-0.17652,-0.33131,-0.1695
0.59996,0.093612,0.54319,0.7793,0.12172
0.17036,0.28459,0.1131,0.24685,0.37833
-0.18917,-0.085811,-0.078522,0.17275,-0.082934
0.057669,0.080184,0.39523,-0.53114,0.11917
-0.015708,0.037382,0.00399,-0.016948,-0.0035847
-0.061392,-0.080588,-0.053016,-0.10205,-0.077945
0.34224,0.21438,0.13429,0.16208,0.028094
-0.24034,-0.24457,-0.25461,-0.27986,-0.25166
0.039783,0.053193,0.044209,0.045022,0.066197
0.10343,-0.030266,0.024219,0.11937,-0.10789
-0.044571,0.068969,0.0011206,0.039533,0.09009
-0.039665,-0.016333,-0.023895,-0.026361,-0.03748
-0.019328,-0.020954,-0.019097,-0.017282,-0.025088
-0.060255,-0.061105,-0.044923,-0.077144,-0.043341
-0.037589,-0.033159,-0.030691,-0.032398,-0.031367
-0.021306,-0.016645,-0.016663,-0.0175,-0.016264
-0.12257,-0.274,-0.2898,-0.11704,-0.31246
-0.16267,-0.14321,-0.22679,0.0036196,0.043846
-0.061224,-0.11368,-0.040721,-0.0536,-0.12407
-0.042568,-0.03119,-0.036787,-0.030305,-0.01906
0.13801,0.33616,0.013497,0.12175,0.17202
-0.05368,-0.046843,-0.047398,-0.052098,-0.037842
-0.052628,-0.078724,-0.038829,-0.0020836,-0.025268
0.13025,0.19512,0.10563,0.22442,0.30617
-0.0077426,0.014244,0.0047405,0.002612,0.036313
0.0031517,0.033978,0.033284,0.052209,0.076962
0.18429,-0.0079004,0.22951,0.21564,0.24645
-0.025741,-0.063363,-0.045753,-0.032936,-0.050608
2.0393,0.63597,0.24981,0.62545,-0.22343
-0.0079032,-0.014027,0.031621,-0.037326,0.042193
0.047141,0.083417,0.038012,0.075593,0.11158
-0.10643,-0.035806,-0.17827,-0.2384,-0.11345
-0.026919,-0.10826,-0.071272,-0.084126,-0.12296
-0.08852,0.25535,0.16104,0.08881,0.00093384
0.066623,0.96851,-0.19188,0.1604,0.92916
0.080812,0.13598,0.10465,0.098707,0.13641
0.10198,0.077708,0.061637,0.083469,0.058903
0.042297,0.16783,0.10891,0.16609,0.27835
0.07984,0.21528,0.15098,0.1297,0.28156
0.062263,0.13962,0.069299,0.089757,0.19219
-0.029964,-0.078348,-0.1681,-0.074735,-0.20535
-0.11129,-0.12097,-0.084353,-0.096681,-0.11328
0.47137,0.6492,0.81725,0.40569,0.61567
-0.066825,-0.0085851,0.020391,0.07363,0.037365
0.10866,-0.11562,-0.024075,0.12629,-0.20741
-0.12739,-0.10263,-0.083143,-0.11695,-0.13231
0.0049712,0.042912,0.015444,0.021474,-0.0015727
0.25668,-0.084941,0.38342,0.3841,0.048941
0.11604,0.16424,0.12651,0.021235,0.041119
0.3099,-0.06033,-0.068417,0.30661,-0.21256
-0.076891,-0.12089,-0.095558,-0.095134,-0.16369
-0.019093,-0.037929,0.018706,0.025497,-0.068592
-0.016903,-0.0028308,-0.012786,0.015884,0.021358
-0.016149,0.00335,-0.0051085,-0.010949,0.0019617
0.017441,-0.0097396,0.0071639,0.010429,-0.024611
-0.0077952,-0.13134,-0.0038332,-0.0004674,-0.22079
-0.10449,-0.1192,-0.081291,-0.13658,-0.08231
0.063509,0.52303,0.42434,0.61217,0.25527
-0.11693,-0.12239,-0.11022,-0.11084,-0.11399
0.040338,0.081052,0.035462,0.033129,0.098382
0.22686,-0.197,0.069341,0.29401,-0.2156
0.47564,0.27214,0.34551,0.2985,0.080959
-0.021751,-0.026,-0.021059,-0.023796,-0.033771
-0.056961,-0.059814,-0.075824,-0.072617,-0.069875
0.16571,0.23492,0.13851,0.18872,0.33548
0.21891,0.13846,-0.16463,0.29898,0.1753
0.14146,-0.21395,0.11937,0.14566,-0.27667
0.43213,0.45432,0.2737,0.4235,0.40197
-0.080994,-0.071713,-0.074734,-0.058095,-0.096017
0.12191,0.1095,0.05295,0.039878,0.12936
-0.025912,0.062678,-0.022333,0.025828,0.052422
0.10578,0.15238,0.0060993,0.1637,0.31213
-0.09959,-0.1853,-0.23288,-0.24143,-0.24804
0.29662,0.071052,0.14603,0.19476,-0.14122
0.3107,0.15904,0.2132,0.56788,0.080195
0.19268,-0.011516,0.12322,0.18927,0.13387
0.37429,0.81928,0.48937,0.40866,0.66426
0.021792,0.11779,-0.0092243,0.15706,0.142
0.035251,-0.3983,0.68285,1.0415,1.3042
-0.044684,-0.091254,-0.10962,-0.018721,-0.060967
-0.053366,-0.13169,-0.063106,-0.12941,-0.14566
-0.11616,-0.046173,-0.10575,-0.1057,-0.05879
-0.027513,-0.017324,-0.022341,-0.023483,-0.012773
-0.26349,-0.20575,-0.31149,-0.31503,-0.20918
-0.13,-0.22034,-0.28111,-0.30174,-0.19173
0.054469,0.03562,-0.028306,0.0040795,0.053083
-0.12632,-0.098344,-0.083085,-0.051408,-0.025042
0.076626,-0.085816,0.13519,0.28392,-0.14499
-0.054425,-0.075075,-0.1831,-0.10807,-0.12885
0.33122,-0.20206,-0.02601,-0.25348,-0.13448
-0.10559,-0.079015,-0.011241,-0.047912,-0.080767
0.025151,-0.0023288,0.048786,0.023422,0.055161
0.26566,0.30696,0.31203,0.20511,0.28844
-0.012438,0.042362,-0.023857,0.026713,-0.072892
0.35935,-0.11124,0.20154,-0.019861,0.64402
0.33157,-0.21302,0.34611,0.47134,-0.38538
0.036043,-0.37475,-0.24421,0.18244,-0.82576
0.019728,0.024487,0.018116,0.022108,0.027996
-0.32979,-0.30863,-0.27524,-0.27198,-0.21815
0.19158,-0.72257,0.085511,0.53095,-0.85596
-0.37931,-0.21553,-0.35035,-0.41129,-0.14065
-0.056968,-0.10028,-0.13277,-0.067124,0.06284
0.1059,0.24024,0.6821,0.21198,0.59052
0.10607,-0.40563,0.09166,-0.00094647,-0.12212
0.38186,0.064704,0.37465,0.091742,0.042942
0.89832,0.34573,0.47107,0.28332,1.0663
-0.01245,0.052744,0.048387,0.0022439,0.044708
0.23011,0.05667,0.17353,0.14265,0.062714
-0.14633,-0.093692,-0.19538,-0.1278,-0.18344
0.0063985,0.1064,0.039272,0.042584,0.1398
0.28694,0.28078,0.23839,0.31317,0.24779
0.2254,0.15569,-0.019916,0.22611,0.20252
0.22985,0.36761,0.26431,0.28436,0.52202
0.22353,0.33941,0.32862,0.31449,0.39704
0.20557,0.16244,0.17921,0.27055,0.17327
-0.075294,0.45706,-0.20526,-0.094258,0.51463
-0.086155,-0.066308,-0.078928,-0.079761,-0.072051
-0.11323,-0.088647,-0.105,-0.10823,-0.068794
-0.069606,-0.14935,-0.067274,-0.133,-0.14818
0.0037438,0.0054694,-0.0002299,0.0026941,0.0048384
-0.089341,-0.059984,-0.053322,-0.08764,-0.056804
0.08195,0.035929,0.2416,0.13551,-0.022321
0.41789,0.23307,0.24886,0.49398,0.023923
-0.19235,-0.22802,-0.20122,-0.21025,-0.19761
-0.023882,-0.044898,-0.0096355,-0.025522,-0.047373
-0.038223,-0.030055,-0.16222,0.15885,-0.14823
0.12494,-0.24793,-0.08724,-0.078489,-0.33714
-0.077853,0.0063439,-0.054008,-0.045732,0.050296
0.31317,0.40775,0.047644,0.29166,0.20735
0.14874,0.58759,-0.23348,0.18617,0.31872
0.037363,0.060861,0.015519,0.064652,0.0069194
0.12633,0.074622,0.2849,0.084018,0.11838
0.1469,0.30465,0.09238,0.10854,0.18224
-0.17814,-0.054749,-0.15846,-0.012238,-0.11993
0.1299,0.31895,0.18684,0.16393,0.29615
0.10431,0.092703,0.16036,0.12142,0.069392
-0.15955,-0.17023,-0.18109,-0.16494,-0.1491
-0.052037,-0.097831,-0.044636,-0.013537,-0.088985
-0.02499,-0.0035895,0.0086129,0.0059861,-0.0060788
0.096465,-0.077817,0.094017,0.10282,-0.18778
-0.019166,0.039207,0.025805,0.062541,0.087869
0.019448,0.018173,-0.0056439,0.081595,-0.023005
0.097892,-0.074114,0.13301,0.099673,-0.04166
-0.046245,0.077227,-0.037693,0.092572,0.3236
-0.051942,0.076541,-0.034866,0.079587,0.13014
-0.10714,-0.090559,-0.11834,-0.11789,-0.10829
0.0065381,0.72669,0.28999,0.53147,0.12008
0.44919,0.3231,0.45882,0.28454,0.42963
0.12456,0.26808,0.18032,0.26966,0.48305
0.14374,0.20009,0.13391,0.13479,0.16633
1.2672,0.16093,0.33981,0.59353,-0.042248
0.40192,0.85487,0.35178,0.81167,-0.23885
1.1444,0.1853,0.31273,0.94098,0.033864
-0.13098,0.18533,0.075916,0.17103,0.33115
0.37189,0.49191,0.3708,0.27325,0.071685
0.17996,0.10687,0.13958,0.22022,0.18691
0.38298,0.44566,0.30382,0.29893,0.37173
0.09212,0.43362,0.17039,0.44217,0.61989
0.046833,0.34174,0.076041,0.31942,0.67678
1.7304,0.054628,-0.051547,0.3681,-0.48897
0.065523,0.3997,0.26115,0.091969,0.38933
0.52948,0.37307,0.24858,0.43284,0.27699
0.018355,0.10882,0.026581,0.016758,-0.0083936
0.21378,0.45267,0.27179,0.24206,0.4831
0.28234,0.34736,0.18581,0.24957,0.19106
0.52866,0.23854,0.16637,0.51509,0.46325
0.071114,0.13471,0.089332,0.12956,0.16102
0.19779,0.14656,0.1363,0.13196,0.10954
0.097516,0.19858,0.27233,0.18201,0.33881
0.26244,0.43204,0.31944,0.37251,0.54492
0.16367,0.24012,0.22841,0.32377,0.44082
0.18119,0.2071,0.15714,0.16046,0.19344
0.35602,0.39594,0.34154,0.32553,0.14149
0.42105,0.079645,0.12605,0.28968,0.1448
0.21129,0.11788,0.18425,0.30413,0.20053
-0.044298,0.40697,0.34182,0.2979,0.49271
0.10224,0.32941,0.085976,0.24074,0.34863
0.31958,0.25471,0.24448,0.3706,0.28887
0.037136,0.46385,-0.03805,0.1647,0.28158
0.093712,0.083704,0.014179,0.098247,0.012173
0.14366,0.16063,0.12525,0.1053,0.1175
0.14541,0.1428,0.19263,0.19871,0.19838
0.43147,0.099981,0.04428,0.33322,-0.082023
0.27396,0.21885,0.26017,0.37463,0.2919
-0.0039465,-0.0062613,-0.014828,-0.02025,0.0074248
0.039622,0.085346,0.041664,0.07682,0.097978
0.16718,0.19196,0.19845,0.18275,0.21003
0.099978,0.29042,0.10318,0.34778,0.16965
0.57145,0.039377,0.068372,0.47832,-0.11357
0.1654,0.14329,0.19369,0.16906,0.24462
-0.10798,0.023002,-0.044482,-0.084466,0.036963
0.033589,0.2067,0.18119,0.0066141,0.18315
-0.057105,-0.045893,-0.10391,-0.033651,-0.073542
0.21338,0.064562,0.3208,0.10873,0.092461
0.3353,0.012416,0.24191,0.39058,0.086943
-0.033089,-0.068647,-0.096936,0.0050163,-0.0023151
-0.06712,0.018649,0.01516,-0.068182,-0.12024
-0.011037,0.011518,-0.028998,-0.069682,-0.072588
0.13797,-0.097674,-0.010404,0.035061,-0.20564
-0.025131,0.14463,0.062341,-0.039538,0.08719
0.2002,-0.40877,0.34774,0.75988,-0.61788
0.20048,0.28518,0.40699,0.17539,0.1867
-0.0093558,0.038431,0.11175,0.094493,0.14227
-0.0563,-0.28139,-0.21835,-0.22249,-0.30965
0.068243,-0.073245,-0.019343,0.062509,-0.1074
-0.041076,-0.085688,0.13475,0.087147,-0.07973
0.35108,0.086425,0.41473,0.34134,-0.1931
-0.063102,-0.25264,-0.031267,-0.13346,-0.26979
0.10417,-0.10722,0.17278,0.20961,-0.28474
-0.34329,-0.27135,-0.28315,-0.25606,-0.19382
-0.073916,-0.085825,-0.059517,-0.090776,-0.13527
-0.015249,-0.033176,-0.036133,0.0055754,-0.06616
0.44686,0.037522,0.28986,0.24941,-0.10869
-0.34598,-0.33688,-0.37256,-0.20554,-0.27555
0.016243,0.044031,0.036409,0.052596,0.10643
0.73021,0.32771,0.085746,-0.1146,-0.41995
0.10591,0.21141,0.11779,0.24735,0.3461
0.12573,0.030583,0.11247,0.091622,-0.14218
-0.26598,-0.088044,-0.69845,-0.27212,-0.29693
0.030386,0.023335,0.097867,0.077175,0.029034
0.1434,0.72813,0.33248,-0.026314,0.7022
-0.70224,-0.47375,-0.55554,-0.69068,-0.54639
-0.017614,-0.081102,-0.010272,-0.06021,-0.076203
-0.22197,-0.18262,-0.057091,-0.23024,-0.35517
0.30179,-0.27005,0.24858,-0.027362,0.53593
-0.024989,-0.018919,-0.025046,-0.023226,-0.026103
0.1483,0.18994,0.12786,0.21042,-0.092185
-0.14737,0.12379,0.11422,-0.093436,-0.1177
0.21345,-0.11636,0.063906,-0.27997,-0.32169
0.25363,0.16952,0.065787,0.36797,0.40107
-0.26997,-0.33403,-0.37524,-0.3901,-0.37907
-0.038175,0.31167,-0.11405,-0.005334,0.32965
-0.26477,-0.38026,-0.4116,-0.43193,-0.27817
0.19669,-0.41915,-0.40632,0.019395,-0.26051
0.041751,0.042528,0.026003,0.029001,0.070101
0.76381,0.22484,-0.0098788,0.0033435,0.040598
0.9101,0.34601,1.4907,-1.0198,-0.11718
-0.34378,-0.065147,-0.83266,-0.58536,-0.45211
-0.47363,-0.41678,-0.30532,-0.45756,-0.52749
-0.57216,-0.15,-0.60197,-0.051028,0.12712
0.090331,0.1652,-0.080636,0.0027897,0.24445
-0.17608,0.010602,-0.13992,-0.13516,0.14944
0.0050872,-0.54027,-0.50118,-0.35724,-0.42908
0.27146,0.1461,0.26305,0.24797,-0.074751
-0.31286,-0.2161,-0.25123,-0.15028,-0.051556
0.038234,-0.0035029,0.028777,0.020901,-0.013696
0.87611,-0.14289,0.16923,-0.59203,0.82832
-0.03851,0.73915,0.62473,-0.42927,0.93256
0.51151,0.23663,-0.26951,-0.17578,0.075652
-0.041634,-0.07775,-0.56936,0.29451,-0.23859
0.57662,0.45631,1.0007,0.65696,0.54364
-0.25554,0.14078,-0.061462,0.51024,-0.07937
0.13948,0.095311,-0.022174,-0.10631,-0.33629
0.58964,0.35529,0.34812,0.25753,0.44747
-0.14757,0.47109,0.30915,0.059417,0.46523
-0.14526,-0.16848,-0.24648,0.060796,-0.079688
-0.092995,-0.21367,-0.12555,-0.075576,-0.19475
0.021527,0.026199,-0.072011,-0.03946,-0.015422
0.03885,-0.27939,-0.23115,0.0037179,-0.28312
-0.1742,-0.24974,-0.092674,-0.1113,-0.21017
0.25158,-0.29848,0.2363,0.34129,-0.22421
0.46628,0.33197,0.22428,0.010393,0.09096
-0.33831,-0.14599,-0.058952,-0.23356,-0.12703
0.24935,0.18961,0.50893,0.50235,0.79811
-0.84744,1.1334,2.0047,-0.491,0.44116
0.057286,-0.089367,0.25575,0.15131,0.12807
-0.018924,1.5121,0.18122,-0.39495,-1.6898
0.44674,0.22831,-0.68195,-1.1886,-0.19614
-0.061891,-0.040899,-0.095519,-0.086812,-0.0098401
-0.034693,0.005333,0.030282,-0.10984,-0.32365
0.47179,0.045614,0.045039,0.55162,-0.13017
0.21452,0.14547,0.018817,0.24139,0.24284
0.82861,-0.53487,0.22451,-1.3597,-0.79916
-0.064585,0.034065,-0.034595,-0.081365,-0.0059994
-0.026666,0.068238,0.025679,0.009783,0.048842
0.097925,0.1313,0.17309,0.14755,0.28758
0.34542,0.023847,0.43454,0.244,-0.16566
-0.52702,-0.13697,-0.14562,-0.11723,0.11237
0.11159,-0.51181,0.79083,0.9224,-0.79751
0.531,0.17872,-0.54712,-0.54255,-0.080101
0.55933,1.1667,0.51218,0.68439,0.29864
0.25935,-0.27411,0.24358,0.15398,0.6597
-0.17185,-0.32708,0.77882,0.19359,-0.24939
0.12457,0.12595,0.12641,0.2308,0.35504
0.18142,0.30306,-0.1119,0.60118,0.62171
0.10409,-0.090412,-0.32858,0.46148,-0.066736
0.042326,0.034285,-0.27611,-0.061509,-0.088882
0.29221,-0.15938,-0.053372,-0.26519,-0.29054
0.42658,-0.17543,0.50658,0.022533,-0.39298
-0.2092,0.29606,0.19554,-0.1988,0.3465
-0.29223,-0.19356,0.32918,-0.02139,-0.44549
1.1221,-0.15669,1.5289,1.0744,-0.40718
-0.11876,-0.02024,-0.22754,-0.19646,-0.10576
0.58268,0.55213,0.18824,0.41598,0.37727
0.71369,0.30925,0.36384,0.62194,0.22892
0.083484,0.11401,0.12871,0.08749,0.16155
0.40647,0.68253,0.62774,0.78195,0.57519
0.23811,0.32525,-0.19786,-0.84996,0.068684
0.11691,0.12027,-0.018991,0.18538,0.1653
0.28511,0.045262,-0.62407,-0.37309,-0.035536
-0.37157,-0.6227,-0.050841,0.049503,-0.81431
-0.38855,-1.2355,0.022317,-0.34057,-0.44774
-0.23903,0.06833,-0.05902,-0.60241,0.056978
-0.83337,-0.78607,-0.27072,-0.098217,-0.82392
0.32613,-0.45531,0.0016133,-0.19385,-0.82442
0.11972,-0.063116,-0.24087,0.19798,0.082855
0.37281,-0.73738,-0.15443,0.57299,-0.66907
-0.095167,-0.21361,0.12591,0.020903,0.14455
-0.19972,0.090201,-0.01436,-0.17056,0.12282
0.35893,0.19899,-0.17202,-0.51351,-0.083691
-0.092025,-0.55871,0.56798,0.22493,-0.34385
0.15576,0.24873,0.61705,0.1394,-1.0696
-0.35809,-0.059362,-0.0091344,-0.17802,0.016688
-0.23029,-0.016274,-0.011601,-0.23272,-0.14901
-0.29835,-0.26088,-0.2683,-0.23808,0.021462
-0.022797,-0.071582,-0.0090295,-0.0063538,0.0064532
-0.097008,-0.14522,-0.48597,-0.35713,-0.71362
-0.32627,-0.13341,-0.3294,0.082625,-0.17083
0.13144,0.66496,-0.60367,0.23221,0.34551
-0.055382,0.020954,-0.026212,-0.033431,0.034581
0.022279,-0.27531,-0.19582,-0.34115,-0.44989
-0.30874,-0.06478,-0.37167,-0.076658,-0.52413
0.082275,0.28266,-0.32112,0.4206,0.34039
0.018919,-0.33136,-0.075249,0.13797,0.24809
0.085942,0.59735,-0.36161,0.016195,0.50473
0.33204,-0.16145,-0.25091,0.66762,-0.66861
-0.19599,-0.25116,-0.097225,0.052905,-0.1337
-0.27367,-0.1395,-0.078995,-0.03436,-0.07674
-0.12527,0.24902,0.00031952,0.059045,-0.11233
-0.158,-0.02574,-0.029524,-0.10956,0.036531
-0.35722,0.048866,-0.2555,-0.43335,-0.15177
-0.28617,-0.35452,-0.30249,0.0079294,-0.084731
-0.31977,-0.11336,0.52518,-0.0072083,-0.29051
-0.31377,-0.22751,-0.027939,-0.35035,-0.089108
-0.031504,-0.058199,-0.14689,0.044901,-0.056667
0.038015,0.77744,0.3323,0.55095,0.66442
-0.53415,-0.64487,-1.2133,-0.16354,-0.27283
-0.047416,-0.10707,-0.078863,0.01997,0.097205
-0.014377,-0.064364,0.0016515,-0.014197,0.067306
-0.027612,-0.024235,0.020991,0.0046918,0.08831
-0.24042,-0.31211,0.10859,-0.002782,-0.17565
-0.10294,-0.10948,-0.12281,-0.17136,-0.060175
-0.11403,-0.074298,-0.13683,-0.13607,-0.08577
-0.03542,-0.010064,-0.026035,-0.11332,0.0020583
-0.024873,-0.034113,-0.014892,-0.015202,-0.035219
-0.0071287,0.12169,-0.10139,0.037802,-0.084862
-0.18224,-0.16271,-0.19559,-0.19502,-0.15446
-0.18201,-0.15778,-0.070259,-0.13508,-0.075441
-0.041494,-0.11932,-0.1162,-0.035728,-0.14164
-0.099647,-0.028167,-0.062287,-0.02016,-0.026055
0.04991,0.0042803,0.042108,0.00055242,0.026434
-0.096835,-0.065615,-0.077337,-0.098032,-0.077267
-0.01887,-0.04018,-0.021791,-0.024007,-0.035858
-0.072812,-0.065065,-0.096776,-0.14418,-0.085131
-0.076601,-0.052614,-0.06386,-0.062922,-0.039541
-0.072029,-0.056534,-0.064885,-0.070775,-0.053005
0.086637,0.053839,0.057434,0.12839,0.03926
-0.067491,-0.052002,-0.050698,-0.03631,-0.04419
0.077682,-0.11236,0.12818,0.14416,-0.19397
-0.042053,0.093272,-0.01075,-0.023471,0.14487
0.091009,0.014839,0.15004,0.065957,0.055269
-0.14216,-0.13984,-0.15202,-0.14009,-0.1197
-0.14219,-0.1106,-0.13235,-0.12523,-0.13366
0.15514,-0.062399,0.022959,0.14979,-0.24462
-0.18748,-0.13445,-0.17221,-0.19449,-0.10812
-0.0061012,-0.035959,-0.0011263,-0.030866,-0.013506
-0.095848,-0.091709,-0.09765,-0.09679,-0.084624
-0.0079492,0.0081334,-0.0030692,-0.0084034,-0.018708
0.020875,-0.017771,0.0037977,0.0023565,-0.010603
-0.1486,-0.10814,-0.11014,-0.11018,-0.093934
-0.045983,-0.039018,0.053528,0.086915,-0.055176
-0.035902,-0.18514,0.040423,-0.076017,-0.19289
-0.0093165,-0.0056864,-0.0091293,-0.01277,-0.0082068
-0.16652,-0.14445,-0.20757,-0.16788,-0.12808
-0.11382,-0.043725,-0.099536,-0.1086,-0.055797
-0.036013,-0.026018,-0.027988,-0.029899,-0.023714
-0.082447,-0.10429,-0.098904,-0.15644,-0.11222
-0.042579,-0.076486,-0.036676,-0.030782,-0.06394
-0.035433,-0.023498,-0.042647,-0.038489,-0.0016977
-0.13587,-0.11127,-0.1536,-0.12513,-0.084413
-0.095058,-0.021809,-0.029497,0.076492,-0.0020409
0.022785,0.013734,-0.062319,0.094632,-0.032612
0.049652,0.075584,0.014063,0.12725,0.081484
-0.052273,-0.36877,0.45127,-0.24113,-0.51126
-0.25572,-0.11182,-0.20007,-0.23164,-0.042992
-0.20847,-0.095557,-0.20032,-0.19948,-0.073035
0.53742,0.451,0.64118,0.57026,0.46637
-0.071722,-0.085463,-0.067917,-0.12493,-0.076545
-0.1828,0.10517,-0.50711,-0.20859,0.01624
-0.38888,-0.15481,-0.44483,-0.20742,-0.15943
-0.38714,-0.19375,-0.60908,-0.42888,-0.18675
-0.18231,-0.1271,-0.20792,-0.24079,-0.1464
0.010723,0.028561,0.018292,0.027694,0.046191
-0.068709,-0.052114,-0.062665,-0.072132,-0.051504
-0.040735,-0.0053945,-0.0063792,-0.022199,0.0034009
-0.075113,-0.082262,-0.052145,-0.060963,-0.10124
0.018766,-0.021046,-0.0076779,0.080253,-0.048841
0.12722,0.1218,0.1424,0.10049,0.031799
0.042198,0.12885,0.051426,0.13492,0.10671
0.0077966,0.0098761,0.054617,0.019459,0.013263
-0.12074,-0.12665,-0.075496,-0.15445,-0.092278
0.19587,0.1815,0.25081,0.19779,0.080231
-0.22788,-0.057441,-0.11637,-0.16102,-0.0095873
0.025425,0.08316,0.061317,0.013193,0.10406
-0.072094,-0.020933,-0.060113,-0.044045,0.0040214
0.19265,0.4512,0.50044,0.3778,0.51272
0.19463,0.15249,0.17594,0.020548,0.37259
0.13485,0.10069,0.10903,0.15825,0.12256
0.17831,0.13907,0.1076,0.17758,0.10849
-0.0021933,-0.0037724,-0.10294,0.10332,-0.075287
0.052439,0.16813,0.03179,0.2524,0.31968
-0.089533,0.23069,0.16352,-0.024021,0.1568
0.11652,0.087813,0.049568,0.087087,0.057223
0.27013,0.097714,0.33055,0.21822,0.35576
0.067295,0.097895,0.014666,0.045671,0.055971
-0.062925,-0.047526,-0.049506,-0.054107,-0.044283
-0.05564,-0.044075,-0.044198,-0.048719,-0.041207
-0.0629,-0.047527,-0.049444,-0.054175,-0.044305
-0.091118,-0.048561,-0.068228,-0.057936,-0.032517
-0.19389,-0.029497,-0.20936,-0.19044,-0.068779
-0.039368,-0.026291,-0.030372,-0.035152,-0.024455
0.096845,0.098153,0.035629,0.15108,0.13855
-0.11933,0.061003,-0.14933,-0.12242,0.036126
-0.0096323,0.033829,-0.0080271,0.007294,0.051531
-0.00025012,-0.01118,-0.0019837,-0.010681,-0.014778
-0.06892,-0.018692,0.017074,-0.057731,-0.014786
-0.003005,-0.16443,0.068749,0.026473,-0.040336
-0.11146,-0.20964,-0.11042,-0.18954,-0.092291
-0.26764,-0.21035,-0.39762,-0.37027,-0.19996
0.0039432,-0.1582,0.026841,-0.19806,-0.16434
-0.1399,-0.17617,-0.13708,-0.17485,-0.18599
-0.066683,-0.06385,-0.064112,-0.079183,-0.076289
-0.034622,-0.023868,-0.027281,-0.032594,-0.034463
0.026403,-0.089665,-0.018823,0.076943,-0.27248
-0.27444,-0.20387,-0.2891,-0.25353,-0.1885
-0.41324,-0.11677,-0.33225,-0.33903,-0.17745
-0.22125,-0.20178,-0.088621,-0.019951,-0.035651
0.072989,0.079748,0.091046,0.06678,0.099282
-0.034151,-0.0074764,-0.035347,-0.013579,-0.082478
-0.0013895,0.031343,-0.0048512,0.037773,0.036389
0.019687,0.21933,0.14195,0.046384,0.23485
-0.021001,0.11325,0.054165,0.046509,0.22843
0.014502,0.014196,0.012582,-0.0022186,0.024717
-0.016211,0.11431,0.10429,-0.11176,-0.13667
0.014969,0.01065,0.047588,0.094146,0.067763
0.055603,0.088995,0.050726,0.059235,0.085778
-0.027012,-0.06963,-0.01742,-0.03605,-0.072296
0.0011307,0.081485,0.049354,0.038232,0.10625
0.095842,0.048267,0.076524,0.13479,0.0066993
0.18189,-0.14045,0.16584,0.2572,-0.31548
-0.15529,-0.26696,-0.29353,-0.15604,-0.2334
-0.16021,-0.042823,-0.23032,-0.27459,0.039276
0.26267,0.38125,0.23465,0.36005,0.61224
0.2461,0.96547,-0.16849,-0.24673,0.56292
-0.17164,-0.12693,-0.018556,-0.44347,-0.18465
0.042492,-0.086911,0.023913,-0.22405,-0.014013
0.17242,0.23101,0.14456,0.16692,0.10367
0.18072,0.39598,0.35637,0.23775,0.40708
0.36444,0.30725,0.33303,0.51036,0.39399
0.060846,0.21511,0.026451,0.36379,0.186
0.15685,0.13812,0.025416,0.26127,0.26709
0.55326,0.41086,0.46373,0.56845,0.50809
0.16282,0.10039,0.14257,0.094872,0.36758
-0.15344,0.040811,0.13932,0.081045,0.1648
0.068605,0.07382,0.040116,0.0096118,-0.017785
0.11213,0.16901,0.10277,0.14469,0.14603
0.086553,0.16916,0.10495,0.16794,0.25143
0.051067,0.048992,0.037343,0.056463,0.10093
0.061174,0.06479,0.051182,0.08491,0.074968
0.051555,0.038589,0.025082,0.036478,0.041132
0.013053,0.071424,0.085999,0.029212,0.11329
0.035028,0.18904,0.055068,0.10275,0.14909
0.034479,0.10089,0.033517,0.014396,0.10796
-0.033138,0.020213,-0.0094738,-0.0031899,0.013905
0.58788,0.12223,0.42983,0.3888,0.16555
-0.026211,0.057357,0.029901,0.065803,0.0066816
0.21376,0.20949,0.18212,0.26234,0.24734
-0.0037447,0.055944,0.012231,0.026436,0.057493
0.0041879,0.029669,-0.013412,0.032725,-0.021454
-0.036312,-0.029356,-0.093805,0.091918,-0.083172
-0.022184,0.062068,-0.062746,0.10014,-0.044673
0.001979,0.0088102,0.011999,0.006027,0.014885
0.012395,0.15494,0.034516,0.056607,0.2108
0.029109,0.084391,0.044126,0.037024,0.084679
0.12814,0.0011641,0.036318,-0.017373,0.07604
0.12246,0.02474,-0.042034,-0.012107,0.15297
0.057014,0.39157,-0.29399,-0.088229,0.31117
0.073533,0.15755,0.079133,0.19649,0.26539
0.22424,0.11789,0.13609,0.19497,0.22772
0.30036,0.32513,0.29182,0.36175,0.58341
0.0042013,0.13815,0.053308,0.061712,0.14327
0.1147,0.19092,0.15228,0.28203,0.38411
0.095092,0.26744,0.2664,-0.067187,0.47936
0.048484,0.8593,0.58731,0.55168,0.62669
0.057244,0.031549,0.046444,0.0040251,0.11312
0.089089,0.1587,0.11475,0.0043229,0.30562
0.031235,0.12504,0.091166,0.06984,0.12553
0.098863,0.13522,0.10958,0.13726,0.23966
0.21166,0.28491,0.25856,0.32996,0.27999
0.078587,0.28297,0.10873,0.041957,0.36506
-0.013097,0.10186,-0.0062517,-0.0021013,0.18067
0.28761,0.19121,0.17552,0.2772,0.47574
0.086369,0.083923,0.074003,0.06348,0.14134
-0.027742,0.1308,0.092798,0.11962,0.16986
0.18567,0.020584,0.083881,0.22209,0.17555
0.24997,0.227,0.19584,0.11246,0.39448
0.15861,0.22515,0.14247,0.24118,0.26771
0.18378,0.219,0.13036,0.04012,0.19355
0.14454,0.15973,0.11122,0.14531,0.14909
0.37189,0.027706,0.16218,0.060406,0.19762
-0.0016186,0.063889,0.019747,0.044333,0.09823
-0.0019582,-0.021229,-0.017511,-0.010115,-0.0055958
-0.0083307,-0.0024425,-0.0037841,-0.0045725,-0.0053606
-0.15229,-0.11231,-0.076999,-0.054984,-0.137
-0.011481,0.025673,0.067182,0.026102,0.048753
0.0092966,0.032898,0.022331,0.021123,0.053368
0.097174,0.18652,0.302,-0.0058001,-0.25613
-0.53825,-0.37245,-0.048989,-0.1358,-0.32703
-0.096315,-0.13913,-0.11791,-0.14481,-0.12736
-0.093804,-0.094562,-0.10063,-0.11041,-0.1186
-0.13823,-0.14871,-0.15148,-0.15613,-0.14004
0.0068311,0.021645,0.012054,0.008552,0.014753
-0.0097198,-0.041565,-0.055955,-0.064423,-0.042057
-0.045748,-0.045343,-0.043717,-0.047308,-0.044105
-0.17477,-0.31701,-0.36636,-0.14294,-0.71939
0.068028,0.098175,0.045841,-0.0019695,0.046246
-0.032547,-0.024344,-0.015967,-0.034603,-0.015654
-0.027382,0.035391,0.038893,-0.0046635,0.070176
0.023539,-0.036429,-0.013941,0.0098842,-0.079871
-0.042793,-0.096385,-0.046112,-0.020078,-0.059023
-0.075123,-0.073796,-0.073528,-0.07211,-0.061946
0.0099747,-0.041076,0.018865,0.019855,-0.032482
-0.1461,-0.1684,-0.1515,-0.22447,-0.16392
-0.037567,-0.03784,-0.034479,-0.036013,-0.040329
-0.031293,-0.014409,-0.029318,-0.03077,-0.010714
-0.010452,-0.019454,-0.0058429,-0.015668,-0.020572
0.014451,-0.0032183,0.0085461,0.10869,0.17446
-0.092186,-0.048816,-0.10997,-0.12772,-0.10814
-0.086932,-0.044705,-0.069359,-0.079973,-0.0092214
-0.080265,-0.074679,-0.099681,-0.071576,-0.042927
-0.031843,-0.059769,-0.047403,-0.070835,-0.087703
-0.06292,-0.08819,-0.089751,-0.055898,-0.039894
-0.1823,-0.19883,-0.15096,-0.15379,-0.13664
-0.07581,-0.087319,-0.063083,-0.040552,-0.031728
-0.010303,-0.053802,0.032199,0.1387,-0.044969
-0.0058867,-0.22826,0.028793,0.0071976,-0.10944
0.055308,-0.030589,0.017078,0.14569,-0.040891
-0.11349,-0.14524,-0.10111,-0.12034,-0.16023
-0.053667,-0.06022,-0.052354,-0.048761,-0.040131
-0.092158,-0.069507,-0.085864,-0.082977,-0.052121
-0.035272,-0.037969,-0.046818,-0.03733,-0.03876
-0.046234,-0.018356,-0.059991,-0.03777,0.0052487
-0.047836,-0.07205,-0.054032,-0.046334,-0.06187
-0.09771,-0.12713,-0.15546,-0.12752,-0.16028
-0.049059,-0.15933,-0.13913,-0.14026,-0.15687
-0.14104,-0.12724,-0.1386,-0.1478,-0.12419
-0.11177,-0.08154,-0.073461,-0.03261,-0.069426
-0.063121,-0.065474,-0.058872,-0.067666,-0.052968
0.050786,0.010582,-0.04372,0.016928,-0.00096322
-0.050361,0.0098615,-0.033225,-0.042061,-0.00097703
-0.12548,0.031419,0.0049845,-0.085543,0.15713
-0.10934,-0.074237,-0.073241,-0.091995,-0.028579
0.00347,0.029919,-0.0017173,0.014805,0.067739
-0.13704,-0.12315,-0.13737,-0.14121,-0.091008
-0.07257,-0.078927,-0.091535,-0.11364,-0.084656
0.0034923,0.0090957,0.009213,0.011843,0.0080369
0.11278,0.037911,0.017259,0.20232,0.023528
0.19092,0.15249,0.2266,0.11047,0.19289
-0.09216,-0.10465,-0.10818,-0.10154,-0.075679
0.10408,0.081737,0.18902,0.065005,0.0024662
-0.0083083,-0.006947,-0.0079965,-0.0076299,-0.0053305
-0.023087,-0.0079228,-0.030278,-0.018361,-0.034138
-0.00022011,-0.0059498,-0.0036832,-0.0070491,-0.0083726
-0.10927,-0.15161,-0.13832,-0.094238,-0.10604
-0.042145,-0.17158,-0.073693,-0.14546,-0.32339
-0.34961,-0.50615,-0.013168,-0.03305,-0.32922
-0.012795,-0.0075079,-0.0085992,-0.011801,-0.0045532
-0.0036623,-0.0039863,-0.0033989,-0.0063978,-0.0048636
-0.0048306,-0.0057019,-0.0058764,-0.0050446,-0.0074281
0.034913,0.041167,0.033224,0.028868,0.036126
-0.063829,0.0014241,-0.022306,0.0081949,-0.030066
0.13303,0.59754,0.48156,0.45353,0.51901
0.10304,-0.0037428,0.16741,-0.10377,0.21501
-0.0096271,-0.028766,-0.01739,-0.036721,-0.039657
0.11057,0.095573,0.11327,0.11216,0.10413
0.039974,0.095902,0.061073,0.10373,0.1688
0.015835,0.013992,0.018816,0.016355,0.034251
-0.027372,-0.030024,-0.020614,-0.01234,-0.018566
-0.020353,-0.0052737,-0.027444,-0.0033791,0.011524
0.10325,0.065624,0.087779,0.11781,0.15052
0.041863,0.044051,0.027201,0.056726,0.039565
0.075015,0.048138,0.034618,0.034716,0.0143
0.06725,0.015079,0.029169,0.036663,0.0069004
0.1165,0.15253,0.092555,0.12048,0.19897
-0.010527,0.11768,0.092976,-0.036859,0.10739
-0.0043567,-0.0086002,-0.0091819,-0.0063411,-0.0095534
0.056957,0.0031124,0.058958,0.0089519,0.027686
-0.08813,-0.083148,-0.0077644,-0.059009,0.0028548
-0.096885,-0.017438,-0.13435,-0.056903,0.069477
-0.020309,-0.038324,0.020597,-0.034839,-0.019923
-0.021753,-0.02715,-0.01923,-0.01911,-0.016074
-0.074862,-0.11212,-0.072118,-0.09795,-0.083837
-0.012482,-0.011276,-0.015353,-0.032208,-0.022139
-0.082771,-0.064696,-0.083663,-0.034265,-0.059627
-0.0030463,-0.0027903,0.0029583,-0.00068024,-0.0034734
-0.053461,0.012528,-0.073242,0.048621,-0.02468
0.01601,-0.024294,0.10437,-0.091375,-0.015823
-0.031435,-0.075253,0.020744,-0.1698,0.097218
-0.0080394,-0.01982,-0.008109,-0.0086261,-0.029464
-0.023551,0.07491,0.11245,-0.0029845,0.11694
0.063151,0.068055,0.0052419,0.079651,0.14257
0.083527,0.049538,0.075415,0.10841,0.10001
-0.011482,0.010191,-0.016994,0.014041,0.0019333
-0.027649,-0.021775,-0.052468,-0.031373,0.0046315
-0.038044,-0.044849,-0.059078,-0.082591,-0.070159
-0.077334,-0.12209,-0.069111,-0.076202,-0.032925
0.032069,0.048866,-0.0003396,0.0082681,0.068874
0.022865,0.035259,0.031285,0.024444,0.042816
-0.071083,-0.078831,-0.1083,-0.016682,-0.1298
0.11485,0.11346,0.076206,0.1549,0.16512
-0.020414,0.042895,-0.0099054,-0.047844,0.034661
0.0016846,0.03048,-0.023121,0.031633,0.043976
-0.011745,0.020188,-0.0088395,0.067509,0.093581
0.04457,0.080406,0.050078,0.056179,0.10788
0.065014,0.047831,0.045522,0.065437,0.11524
0.06926,0.10207,0.075375,0.081405,0.16948
0.18639,0.091832,0.11416,0.15537,0.16699
-0.011292,0.010687,0.015817,0.029935,0.033068
-0.065278,0.0449,-0.06455,0.046151,0.12964
0.31213,0.24891,0.40804,0.25095,0.24803
0.08073,0.16433,0.0073316,0.087496,0.15289
0.016058,0.057187,0.031431,0.031159,0.078506
0.12882,0.39754,0.21944,0.30429,0.45041
0.025892,0.15672,0.35943,0.17538,0.084768
0.060358,0.11409,0.079762,0.1034,0.14932
0.26003,0.35804,0.37191,0.34257,0.42941
-0.020059,-0.013998,-0.010005,-0.013693,-0.034198
0.28513,0.14718,0.27477,0.21104,0.36939
0.023484,0.10429,0.18099,0.04306,0.085519
0.17337,0.30946,0.25141,0.084274,0.21849
0.023312,-0.063103,-0.035012,0.0044864,-0.0054645
0.036498,0.047303,0.17139,0.16307,0.19345
-0.021156,0.083799,0.065725,0.010316,0.15135
-0.15279,-0.12658,-0.016525,-0.13131,-0.13119
0.012038,-0.02819,-0.014842,-0.0037559,-0.011062
-0.052676,-0.071745,-0.066265,-0.064743,-0.05753
-0.023325,-0.014826,-0.018511,-0.004238,-0.0016723
-0.18238,-0.051649,-0.12519,-0.086233,-0.023132
0.028103,-0.21902,0.039594,0.019698,-0.1139
0.023642,0.066266,0.012208,0.040381,0.10302
-0.25933,0.0083251,-0.24717,-0.267,-0.11089
0.015832,-0.034413,-0.0084472,0.06759,-0.057229
-0.077116,-0.057415,-0.075251,-0.071404,-0.077268
0.0032635,0.016533,0.0053859,-0.00066124,0.033577
-0.012942,-0.0018331,-0.051413,-0.056671,0.0013002
-0.0014698,-0.0015472,-0.0013703,-0.0025166,-0.0019557
-0.27773,-1.1055,-0.39811,-0.2815,-0.57896
-0.21365,-0.090371,-0.1237,-0.099176,-0.10663
-0.30108,-0.28363,-0.1891,-0.1088,-0.11733
-0.42462,0.0050724,-0.37371,-0.17304,0.19567
0.074213,-0.21111,0.30817,-0.74723,-0.86813
-0.418,-0.40223,-0.42957,-0.46387,0.035473
0.04368,0.084525,0.1918,0.1918,0.074468
-0.12595,-0.21101,0.052324,-0.06832,-0.20503
0.025644,0.018589,0.0079459,0.034291,0.020604
-0.84982,-0.34599,-0.61968,-0.36303,-0.16864
-0.56545,-0.2884,-0.52569,-0.50977,-0.53828
-0.38208,-0.095905,0.14069,0.35037,-0.50492
0.029269,-0.58899,0.53199,-0.64344,0.67736
-0.0060192,-0.06074,-0.071111,0.058498,0.035373
0.073445,0.0062175,0.12371,0.056608,-0.10274
0.058201,0.094366,0.064953,0.077655,0.098807
0.060557,0.093088,0.14421,0.096486,0.13198
-0.010862,0.003262,-0.017026,-0.019298,-0.019408
-0.14073,-0.049078,-0.11664,-0.18523,-0.06984
-0.0010662,0.019895,0.029081,0.0084751,0.03723
0.0014951,-0.00095311,0.0029475,0.0012969,-0.0021246
-0.010574,-0.093482,0.064878,0.17472,0.020324
-0.033486,-0.031289,-0.026654,-0.033054,-0.030445
0.0073845,0.009475,0.0041034,0.013795,-0.00094302
-0.019739,-0.041608,-0.023218,-0.024227,-0.043886
-0.0039947,-0.0048915,0.0021003,0.004184,-0.00033339
-0.021587,-0.050897,-0.035979,-0.043585,-0.062499
0.080463,0.36216,0.17312,0.10144,0.1907
-0.024523,-0.017604,-0.018524,-0.019094,-0.012837
-0.016259,0.10378,0.087454,0.055812,0.15466
-0.017186,-0.00053043,-0.053048,-0.0073411,0.059389
0.17722,0.12664,0.15253,0.13039,0.17989
0.076752,0.049876,0.019612,0.049317,-0.023631
-0.00030261,-0.00021853,-0.00035436,-0.00047818,-0.00038078
-0.049025,-0.058178,-0.053327,-0.059669,-0.067851
0.0096766,-0.037065,0.032221,0.10875,0.045214
-0.0062859,-0.014375,-0.0041809,-0.0055573,-0.015786
-0.068837,-0.0064786,-0.054613,-0.048759,0.025458
-0.10159,-0.074584,-0.10314,-0.077848,-0.039929
-0.20067,-0.21498,-0.12815,-0.15093,-0.15087
0.022476,0.047934,0.036584,0.00046239,0.05001
-0.074448,-0.084068,-0.082236,-0.083798,-0.093179
-0.19209,-0.1988,-0.09429,-0.08542,-0.18978
0.053981,0.031058,0.013788,0.034729,0.0105
-0.10138,-0.057811,-0.093746,-0.083727,-0.035066
-0.014485,-0.024606,-0.014145,0.037952,-0.0099837
0.016546,-0.028102,0.017227,0.0017358,-0.036087
-0.019254,-0.02837,-0.021532,-0.020114,-0.027667
-0.044407,-0.037863,-0.039621,-0.050728,-0.049795
0.035847,-0.0031989,0.011644,0.02391,-0.0173
-0.075855,-0.059152,-0.072682,-0.06707,-0.045018
-0.042787,-0.024117,0.0093013,-0.031317,-0.027631
0.005317,0.02261,0.023775,0.018119,0.029645
-0.037319,-0.05823,-0.034954,-0.041808,-0.062208
0.1786,-0.065528,0.13625,0.11166,-0.073055
-0.028157,-0.029004,-0.005539,-0.035049,-0.036143
-0.077378,-0.061608,-0.059927,-0.052533,-0.048625
0.11277,0.12693,0.16126,0.096259,0.13271
0.14173,0.16726,0.1129,0.0054286,0.088026
-0.084473,-0.091405,-0.092488,-0.092181,-0.12559
-0.084416,-0.097535,-0.070827,-0.10326,-0.047412
0.025493,-0.22952,0.010828,-0.016303,-0.26384
0.09529,0.060519,0.082128,-0.11823,0.040044
0.069522,-0.11053,-0.037808,0.0043411,-0.072929
0.023164,-0.33987,0.29063,0.33426,-0.40435
-0.24123,-0.20445,-0.12771,-0.091036,-0.033955
0.037873,0.023371,0.18167,-0.14312,0.15119
-0.012003,0.032846,-0.017371,0.044577,-0.023725
0.086913,0.01223,0.042126,0.034817,-0.010462
-0.038662,-0.0083774,-0.033577,-0.018728,-0.023116
-0.15219,-0.9911,0.65424,-0.69337,-0.55183
0.21658,-0.42395,0.0012978,0.12472,-0.049161
0.20629,0.18967,0.33271,0.47169,0.75465
0.12723,-0.50791,0.019408,0.18827,-0.18879
-0.053637,-0.056672,0.085156,0.029588,-0.066084
-0.0070337,0.015228,0.0385,0.018008,0.087835
-0.10552,-0.32654,-0.071071,-0.099725,-0.13829
1.8112e-05,-0.089748,-0.031858,-0.013629,-0.090133
-0.17602,-0.39832,-0.21208,-0.21794,-0.30524
-0.0026288,-0.0028671,-0.0021474,-0.0024435,-0.0022768
-0.11022,-0.096468,-0.090225,-0.1123,-0.092502
-0.050144,-0.050429,-0.04343,-0.058971,-0.047577
-0.2084,-0.11943,-0.21069,-0.16539,-0.063775
-0.047177,-0.073695,0.059195,0.017017,-0.013564
-0.040845,-0.012701,0.024073,0.030817,-0.096489
-0.1968,-0.14198,-0.15846,0.042065,-0.063196
-0.11448,-0.098403,-0.060526,-0.11377,-0.083197
-0.040709,-0.034849,-0.042724,-0.041067,-0.043989
0.068703,0.013188,-0.016132,0.066874,0.032584
-0.028472,-0.026773,-0.027737,-0.024657,-0.024765
-0.059697,-0.046611,-0.073338,-0.044289,-0.075531
-0.14368,-0.20081,-0.15299,-0.16304,-0.1552
-0.062584,-0.01613,-0.033118,-0.064976,-0.0065195
-0.11901,-0.11187,-0.10171,-0.099127,-0.10322
-0.080065,-0.095681,-0.071559,-0.082558,-0.13079
-0.034551,-0.082844,-0.069787,0.010814,0.047881
0.0034668,-0.043187,-0.0043219,-0.019186,-0.058028
-0.041916,-0.062428,-0.039193,-0.056022,-0.060956
-0.012982,0.012063,0.0072538,-0.10151,-0.0024579
-0.038509,-0.029441,-0.034654,-0.045059,-0.028466
-0.048224,0.13075,-0.07702,0.058478,0.10751
-0.093741,-0.080883,-0.10394,-0.14521,-0.093303
-0.11568,-0.072764,-0.10608,-0.10248,-0.064455
-0.096213,0.082037,-0.14471,0.019832,0.0099945
-0.014509,-0.017982,-0.014405,-0.012485,-0.017547
-0.078399,-0.077096,-0.065068,-0.068123,-0.076533
-0.0058426,-0.0037,-0.0041736,-0.0051507,-0.0042399
-0.043486,-0.048942,-0.056553,-0.067562,-0.042066
-0.020495,-0.016585,-0.014653,-0.015783,-0.016133
-0.0072225,0.00033834,-0.006101,-0.005538,-0.00070249
-0.0062405,-0.0067588,-0.0085515,-0.0028019,0.0022641
0.031948,0.056071,0.041546,0.046734,0.053044
-0.062498,-0.082974,-0.10993,-0.091975,-0.1071
-0.049352,-0.038222,-0.048416,-0.048081,-0.029078
0.046454,0.10482,0.056412,0.044721,0.096146
-0.016897,0.0067307,-0.017383,-0.04612,-0.026919
0.0044919,-0.010819,0.0020929,0.0022564,-0.019481
-0.081707,-0.055313,-0.076631,-0.084953,-0.055187
-0.045081,-0.05369,-0.030885,-0.015803,-0.044839
-0.067664,-0.038878,-0.041114,-0.025198,-0.020546
-0.029103,-0.022949,-0.028865,-0.023628,-0.013118
-0.0097468,-0.0097336,-0.006437,-0.0066007,-0.0057239
-0.050222,-0.04567,-0.044476,-0.044953,-0.038481
-0.038464,-0.024825,-0.031474,-0.029788,-0.016875
-0.091282,-0.11215,-0.10025,-0.093853,-0.097759
-0.024484,-0.022661,-0.022948,-0.025343,-0.022805
-0.010965,-0.010004,-0.0094658,-0.011145,-0.011084
0.014271,0.012466,0.016675,0.016888,0.015975
-0.0041761,0.0099906,0.02588,-0.010651,-0.0061612
-0.01225,-0.0061218,-0.0074226,-0.010846,-0.0056504
-0.026554,-0.033828,-0.049034,-0.067339,-0.046199
-0.074474,-0.055099,-0.086118,-0.080678,-0.078017
-0.069839,-0.072084,-0.06228,-0.058118,-0.060942
0.006193,0.017389,0.014639,0.012529,0.032662
0.016483,-0.073794,0.35588,-0.098112,-0.079427
0.077184,0.077789,0.20249,0.15075,0.17173
0.0048096,0.0028278,0.0035181,0.0043282,0.0042834
-0.068515,-0.39394,-0.13402,-0.24388,-0.29295
-0.086719,-0.083765,-0.040612,-0.093051,-0.059771
-0.0023708,-0.00060682,-0.0013903,-0.0021168,-0.0024216
-0.08013,-0.052465,-0.094208,-0.073501,-0.044214
-0.16194,-0.11596,-0.11804,-0.028524,-0.019978
-0.27487,-0.091386,-0.26015,-0.27324,-0.15647
-0.033511,-0.050289,-0.039422,-0.026683,-0.056307
-0.008661,-0.0068728,-0.010396,-0.010538,-0.008043
-0.24646,-0.20186,-0.11372,-0.15022,-0.12677
-0.15543,-0.11957,-0.083988,-0.14251,-0.10894
-0.14678,-0.19937,-0.098637,-0.1355,-0.17288
-0.3095,-0.22227,-0.28417,-0.27919,-0.17076
-0.19099,-0.23907,-0.28518,-0.20138,-0.16632
-0.038553,-0.052565,-0.032079,-0.037401,-0.05293
-0.19691,-0.19496,-0.1285,-0.060266,-0.073808
-0.0040825,-0.0024424,-0.0030024,-0.0036064,-0.0036047
-0.36357,-0.24332,-0.37958,-0.54088,-0.16938
0.016588,-0.12367,-0.087425,-0.44703,-0.42909
0.089991,-0.02082,-0.063053,-0.27651,-0.28231
-0.17164,-0.063276,-0.14333,-0.14746,-0.10446
0.017192,0.037045,0.016954,0.017648,0.043902
-0.0035737,0.00066408,-0.008929,-0.0050815,0.0024678
0.060729,0.036398,0.036096,0.058614,0.050062
-0.01188,0.010446,-0.011391,-0.0023898,0.024755
-0.017972,-0.017128,-0.014704,-0.0151,-0.018601
-0.14849,-0.14416,-0.01992,-0.19772,-0.012234
-0.19878,-0.15511,-0.13491,-0.16945,-0.16574
-0.050947,-0.031899,-0.041035,-0.043628,-0.038627
-0.042935,-0.0018922,-0.031023,-0.047783,-0.0097091
-0.037182,-0.012505,0.0085041,-0.0066442,0.083654
0.023702,0.021207,-0.050072,-0.037372,0.075812
-0.12807,-0.1154,-0.13239,-0.10566,-0.099491
0.15861,0.12844,0.19603,0.062653,0.060033
-0.013917,-0.0080805,-0.0072987,-0.0087961,-0.0053834
-0.12347,-0.080733,-0.069652,-0.067977,-0.080214
0.0059365,0.010041,0.0087627,0.0062917,0.012528
0.0031285,0.015234,0.010034,0.011588,0.024997
-0.0040993,-0.0023562,-0.0029369,-0.0036636,-0.0036317
0.052932,0.073639,0.041918,0.048514,0.062884
0.050181,0.10461,0.035698,0.018402,0.073437
0.0224,0.11811,0.13307,-0.0040375,0.11471
0.014651,0.050098,0.055534,0.041081,0.096352
-0.00050084,-0.00030778,-0.00032781,-0.00045135,-0.00048883
-0.020967,-0.018001,-0.017004,-0.016646,-0.017839
-0.041797,-0.033692,-0.030634,-0.030769,-0.020546
-0.026596,-0.087434,-0.013085,-0.042876,-0.12154
-0.0023757,-0.0021983,-0.0018943,-0.0024133,-0.001865
-0.2195,-0.24303,-0.14227,-0.2282,-0.13846
-0.037823,0.034468,0.015696,0.022719,0.027238
-0.13344,-0.18438,-0.064163,-0.079083,-0.23691
-0.041478,-0.0017701,-0.013226,0.012007,-0.005929
0.15389,-0.066371,0.10086,-0.10777,-0.2208
0.0032815,-0.0014083,-0.0010093,0.0054995,0.0018319
-0.0006466,-0.0047936,-0.0084008,0.021118,0.018126
-0.051303,-0.067931,-0.049635,-0.032814,-0.051487
-0.00094202,-0.014583,-0.01744,-0.019212,-0.04108
-0.51456,-0.26405,-0.42401,-0.31956,-0.2446
-0.010585,0.24953,-0.17964,-0.056496,0.048617
-0.27898,-0.4311,0.0709,-0.30873,-0.47447
-0.12386,-0.00941,-0.067413,-0.16417,-0.030317
-0.32669,0.20317,-0.60927,-0.32307,-0.13241
-0.40107,0.041037,-0.19146,-0.33224,-0.077714
-0.38281,-0.37302,0.0099998,-0.11406,-0.05265
-0.3961,-0.043043,-0.41885,-0.20219,-0.20648
-0.26721,-0.22242,-0.11858,0.075854,-0.40331
0.11751,0.27028,0.13934,0.030103,-0.047542
-0.48179,0.05435,-0.15338,-0.16312,-0.20954
-0.098062,-0.039649,-0.11464,0.041632,0.15926
-0.13791,0.025518,-0.056687,0.1442,0.05415
-0.018483,0.044922,-0.04956,0.047848,0.10826
-0.34763,-0.14097,-0.11507,0.077986,-0.067263
0.10279,-0.16083,0.0024726,-0.082746,-0.22305
0.16532,0.28166,0.1521,0.13328,0.30228
0.049214,-0.016262,0.084163,-0.039675,0.040883
0.13864,0.13455,0.042194,0.13961,0.30826
-0.34653,-0.085062,-0.55579,-0.42664,-0.11303
-0.063295,-0.11138,-0.05166,-0.064114,-0.093191
-0.44753,-0.14892,-0.36348,-0.3537,-0.12198
-0.061065,0.099065,-0.34072,-0.1611,-0.038198
-0.0017892,-0.022722,-0.64174,-0.39575,-0.37523
0.062219,0.080218,0.071257,-0.50302,-0.58338
0.11218,0.19401,-0.21501,0.15668,0.48334
-0.014143,0.0032017,-0.015408,-0.024195,0.0013405
-0.14492,0.27041,0.22731,-0.31655,0.50385
-0.15375,0.094177,0.38995,-0.20335,-0.027873
-0.0097104,-0.051082,-0.041902,0.073684,0.029856
-0.15613,0.078347,-0.33002,-0.29849,-0.15849
0.2209,0.26603,-0.40235,0.084877,0.48012
-0.065915,-0.025299,-0.0027995,-0.11414,-0.053226
-0.17684,-0.0013021,-0.043333,-0.02745,0.0024679
0.036357,0.038911,0.23215,-0.0058321,0.030495
-0.2901,0.096147,0.12272,0.056345,0.084145
-0.0093281,-0.004382,-0.0050375,-0.0075405,-0.0029795
-0.16574,0.10108,-0.35992,-0.19786,-0.16303
-0.044752,0.031063,0.12121,0.020734,0.11281
-0.05738,-0.037948,-0.082553,0.0041886,-0.030659
-0.0088173,-0.0084242,-0.0029066,-0.0080972,-0.011197
-0.034105,-0.044779,-0.020577,-0.010013,0.0056092
-0.0031977,-0.0012089,-0.0023477,-0.0026707,-0.0022986
0.0076144,0.054419,0.12068,-0.050889,-0.17136
0.0079358,-0.0018398,0.024126,0.010749,-0.0085283
0.034908,0.06214,0.16502,-0.050855,-0.1711
-0.010854,-0.014353,-0.0071331,-0.0046825,-0.0057197
0.080594,-0.015488,0.013178,0.037496,0.026244
0.37131,0.25834,0.30958,0.0955,0.2423
-0.010368,0.0012442,-0.0071143,-0.0098076,0.0012671
0.086812,0.15828,0.076239,0.075448,0.20608
-0.045393,0.074525,-0.075446,0.018342,0.22002
0.0056028,0.30126,0.34636,0.077322,0.31257
-0.12633,-0.16384,-0.043297,-0.028934,-0.28928
-0.050503,-0.039819,-0.014809,-0.006901,-0.052611
-0.39498,-0.33531,-0.39056,-0.22845,-0.28383
0.013079,0.0068827,0.0066363,-0.0045246,-0.0042277
-0.14164,-0.17449,-0.22839,-0.10906,-0.21215
-0.15953,-0.086145,-0.11428,-0.13729,-0.11616
-0.26481,-0.18822,-0.26562,-0.22956,-0.18915
-0.3024,-0.16217,-0.28752,-0.24597,-0.17768
-0.13158,-0.15812,-0.10444,-0.1827,-0.17102
-0.062381,-0.10759,-0.075883,-0.073386,-0.12219
-0.13654,-0.45533,-0.2419,-0.21318,-0.19403
-0.00087727,-0.036677,-0.062846,0.0060277,-0.038288
0.12271,0.15852,0.071198,0.14617,0.13378
0.051665,-0.13414,0.12293,-0.12503,-0.29202
-0.013188,-0.18332,-0.65083,-0.0838,-0.20924
0.0067376,-0.032702,0.017884,0.043557,-0.011477
-0.11697,-0.068598,-0.10406,-0.10674,-0.045465
-0.072054,-0.089121,-0.064763,-0.081522,-0.078259
0.0059537,0.011604,-0.00036019,0.00088784,-0.0028292
0.0098913,0.014148,0.00082482,0.022286,0.0038758
-0.082677,-0.079626,-0.079073,-0.096113,-0.073082
0.052996,0.03858,0.056755,0.0369,0.027884
-0.082787,-0.030865,-0.095051,0.022221,-0.04457
-0.04692,-0.0060548,0.0028175,-0.021302,0.026388
-0.598,-0.37033,-0.40195,-0.3652,-0.32897
-0.036928,-0.056779,-0.085327,-0.057973,-0.12905
-0.049612,-0.073281,-0.012769,0.0015344,-0.053764
-0.091151,-0.07331,-0.08665,-0.088329,-0.069437
-0.023329,-0.0073332,-0.046889,-0.061211,-0.0376
-0.015585,-0.011604,-0.0061349,-0.012903,-0.0024183
-0.003598,-0.010991,-0.014386,-0.012764,-0.022967
-0.043192,0.44789,0.014117,0.071695,0.067379
-0.019281,-0.0034001,0.0039585,-0.005646,0.026657
-0.0025552,-0.0034237,-0.0033702,-0.0025665,-0.0036142
0.023231,0.051725,0.027311,0.01634,0.074322
0.01931,0.057835,-0.019151,0.016369,0.054435
0.0081083,0.01198,-0.012818,-0.0073402,0.00084094
-0.017932,0.027408,0.032796,0.017678,0.049722
-6.2881e-05,-0.064061,-0.051321,-0.031031,-0.092822
0.24713,-0.01267,0.139,-0.013744,0.1084
0.031133,0.034739,0.015405,0.011422,0.036373
-0.007979,0.00014893,-0.0049536,-0.0058634,0.0017743
0.063901,0.032499,0.062117,0.064171,0.031402
-0.017069,-0.011512,-0.014025,-0.017706,-0.013018
0.0069283,0.0045673,0.0034925,0.012968,0.014215
-0.023162,0.29742,0.097701,0.14457,-0.10245
-0.0033796,-0.0046319,-0.0055996,-0.0040193,-0.0034627
0.03038,0.047235,0.029672,0.028476,0.034686
-0.037663,-0.0278,-0.020934,-0.036747,-0.019842
-0.0017672,-0.0021948,-0.0039165,-0.003828,-0.0031468
-0.074444,-0.085277,-0.09722,-0.10691,-0.10478
-0.11392,-0.044411,-0.1294,-0.12266,-0.094227
-0.082521,-0.1458,-0.072757,-0.094895,-0.07651
-0.14201,-0.11495,-0.19328,-0.13298,-0.094781
-0.11195,-0.057943,-0.11839,-0.17474,-0.10625
-0.012023,-0.051705,0.0024873,0.0075232,-0.00036972
-0.050569,0.021143,0.011812,-0.031016,0.054143
-0.063556,-0.051454,-0.046196,-0.049842,-0.035294
-0.066203,-0.1008,-0.085414,-0.054627,-0.096866
-0.061092,-0.064077,-0.057374,-0.083568,-0.069195
-0.038556,-0.39688,-0.12971,-0.041694,-0.30939
-0.038448,-0.060577,-0.048079,-0.044991,-0.065291
-0.10721,-0.083253,-0.076648,-0.065806,-0.084518
-0.0067555,-0.0068107,-0.0073041,-0.0085013,-0.0051488
-0.6179,-0.47935,-0.78795,-0.32004,-0.44666
-0.1207,-0.13564,-0.17479,-0.065594,-0.15686
-0.16535,-0.36918,0.16024,0.021023,0.13226
-0.1923,-0.065898,-0.27882,-0.16169,-0.051457
-0.0095146,-0.0045929,-0.0092726,-0.0064722,-0.0037927
0.017656,0.02834,0.072243,0.066626,0.019048
-0.010142,-0.015755,-0.013011,-0.015613,-0.01385
-0.010633,-0.17311,-0.19816,-0.1713,-0.010332
-0.055422,0.0037827,-0.058329,-0.047013,-0.03136
-0.077321,-0.058421,-0.068045,-0.072244,-0.050543
-0.072934,-0.059092,-0.060453,-0.063882,-0.037964
-0.019041,-0.024456,-0.01957,-0.02633,-0.009587
-0.025802,-0.012772,-0.019025,-0.021792,-0.009657
-0.14179,-0.12246,-0.15134,-0.15495,-0.12118
-0.053643,-0.044211,-0.051422,-0.057642,-0.045372
-0.037921,-0.042491,-0.036896,-0.041269,-0.044751
-0.00080443,-0.0021397,0.0001993,0.0020218,0.00020823
0.043814,0.11726,0.08631,0.051167,0.10282
-0.047121,0.025484,0.077669,-0.00071643,0.024046
0.080725,0.13082,0.12503,0.11985,0.20445
0.056033,0.10772,-0.21934,-0.076723,0.087908
0.041271,0.10257,0.018852,-0.17429,0.12905
-0.041427,0.0039572,-0.27833,-0.093094,-0.070091
-0.11136,-0.011723,-0.14216,-0.14195,-0.040858
0.073612,0.10826,0.095232,-0.065326,0.2041
-0.17216,-0.14132,-0.1748,-0.17271,-0.11207
-0.2567,-0.20231,-0.17042,0.14529,0.01518
0.019094,-0.0037197,0.0035452,0.037092,-0.0015715
0.04128,-0.28168,-0.010537,0.16756,-0.39333
-0.040326,0.017387,-0.016936,0.0086295,0.02314
0.0061669,-0.051035,-0.019348,-0.018865,-0.090915
0.054641,0.075189,0.076085,0.048794,0.054428
0.048302,0.018186,0.043648,0.038691,0.03317
0.017706,0.053204,0.043302,0.044189,0.07652
-0.070993,0.07405,-0.14335,0.17775,0.34515
-0.037172,-0.1162,-0.12383,-0.10487,-0.15758
-0.12939,0.010014,-0.076655,0.067124,0.25141
-0.21494,-0.19006,-0.12434,-0.5109,-0.26311
-0.13529,-0.01573,-0.074726,0.15323,0.015922
-0.013498,-0.014799,-0.011026,-0.0076987,-0.010499
-0.32308,-0.26725,0.06032,-0.0052327,-0.45388
-0.072482,-0.046543,-0.079011,-0.067624,-0.029665
-0.098171,-0.079068,-0.086808,-0.093303,-0.084289
-0.032808,-0.033458,-0.019482,-0.022486,-0.037122
-0.025452,-0.054521,-0.032539,-0.021222,-0.055918
-0.09507,-0.13784,0.099227,-0.058745,-0.1554
-0.14756,-0.092275,-0.11266,-0.10259,-0.013004
-0.066328,-0.11648,-0.072574,-0.08675,-0.10127
-0.098522,-0.0873,-0.079552,-0.10103,-0.07217
-0.14052,-0.080254,-0.11995,-0.23474,-0.075056
-0.18946,0.097831,-0.030397,-0.024071,0.12785
0.073933,0.1213,0.11902,0.087873,0.14
-0.11017,-0.089339,-0.10637,-0.089365,-0.051875
-0.070687,-0.099115,-0.054051,-0.033293,-0.096624
-0.020066,-0.033877,-0.015911,0.022595,-0.013982
-0.0089961,-0.0088503,-0.0095974,-0.007396,-0.0072882
-0.03102,-0.038755,-0.03816,-0.047344,-0.030311
-0.035546,-0.020535,-0.021786,-0.038683,-0.011011
-0.074444,-0.10893,-0.088923,-0.080242,-0.061712
-0.52039,-0.42507,-0.3231,-0.25269,-0.30231
-0.12377,-0.056995,-0.0060824,-0.27121,-0.14623
-0.21009,-0.13693,-0.072177,-0.079752,0.025301
0.0012835,0.010391,0.0041211,0.02776,0.017784
-0.05912,-0.059912,-0.037954,-0.048562,-0.034039
-0.16885,-0.088714,-0.14459,-0.15831,-0.069856
-0.0033423,-0.013009,0.0018918,0.00059863,-0.0087928
-0.12613,-0.070196,-0.12036,-0.14973,-0.087005
-0.014181,-0.0083863,-0.018944,-0.012741,-0.0029685
-0.012212,-0.027368,-0.010248,-0.0094147,-0.026912
-0.094193,-0.048593,-0.08608,-0.10317,-0.044673
-0.0087108,-0.0056328,-0.0058272,-0.0077232,-0.0043383
0.0070076,-0.041184,-0.1636,-0.34454,-0.25445
-0.12583,-0.027151,-0.049879,-0.064155,-0.037208
-0.085766,-0.084299,-0.043156,-0.10032,-0.14739
0.031079,0.11675,0.10144,0.023932,0.26749
0.063177,0.023094,0.060494,0.084785,0.0026847
0.0084219,0.0072397,0.010845,0.015592,0.011164
-0.034864,0.019163,0.0022573,0.0040967,0.049989
-0.012183,-0.011969,-0.013758,-0.015265,-0.018478
0.022311,0.039839,0.034267,0.011216,0.063578
0.050215,0.03335,0.055031,-0.064157,-0.065438
0.0067815,0.0037513,0.0021269,0.0047637,0.0083676
0.0071877,0.055531,0.0061185,-0.0054035,0.0069609
-0.035012,-0.02424,-0.030122,-0.025751,-0.028452
-0.017845,-0.020354,-0.014256,-0.020266,-0.017719
-0.00063431,0.083419,0.031169,0.06345,0.1954
-0.091475,-0.095816,-0.080391,-0.088046,-0.12484
-0.00027256,-0.0068676,-0.0043589,-0.0037923,-0.0088372
-0.035117,-0.024817,-0.026915,-0.032983,-0.024484
-0.005223,0.0054226,-0.0025278,-0.0021417,0.0092905
-0.03162,-0.057268,-0.040184,-0.026919,-0.045321
-0.2134,-0.21161,-0.050855,-0.20467,-0.10817
0.00054175,0.012715,0.0047994,0.0051982,0.015816
-0.013093,-0.024733,-0.0031025,-0.012464,-0.015486
-0.022212,-0.029568,-0.016861,-0.021994,-0.030701
-0.0066012,-0.0083455,-0.0065364,-0.045942,-0.012771
0.10555,0.17822,-0.11109,-0.074227,0.18357
0.0090865,0.031139,0.045572,0.020266,0.035339
0.067372,0.011679,-0.037562,0.055972,0.016908
-0.030981,-0.015065,-0.052572,-0.035379,-0.015713
-0.077645,-0.071246,-0.070179,-0.054381,-0.032927
-0.29016,-0.51759,-0.26822,-0.28033,-0.37934
-0.10016,-0.1102,-0.13225,-0.14373,-0.13502
-0.20536,-0.11856,-0.12968,-0.16602,-0.078631
-0.048281,-0.01341,-0.044732,-0.050788,-0.015698
-0.024664,-0.00084351,0.020157,-0.0090382,0.035625
-0.095167,0.055819,-0.012771,-0.068713,-0.017863
-0.059686,-0.084539,-0.13856,-0.11146,-0.09457
-0.013751,-0.0047922,-0.015137,-0.010912,-0.0037776
0.0070153,0.01651,0.0070993,0.0069507,0.028885
0.0091303,0.066662,0.02303,-0.035366,0.10085
-0.028224,0.013191,-0.012191,-0.011904,0.021117
-0.0082406,-0.011928,-0.025884,-0.0086692,-0.029041
0.064063,0.086503,0.088207,0.094412,0.097227
-0.011995,-0.01889,-0.004838,-0.012425,-0.021019
0.024081,0.054128,0.025946,0.038947,0.065514
0.032709,-0.0049053,0.021035,0.026982,0.0187
-0.28606,-0.3144,-0.078129,-0.12263,-0.13139
0.00071554,0.0015049,-0.0025681,0.0012529,0.0022434
-0.018437,-0.025715,-0.022122,-0.017493,-0.029309
-0.0031684,-0.0034475,-0.0019544,-0.0035736,-0.002136
-0.033843,-0.0073271,-0.017808,-0.017338,0.0064793
-0.011683,-0.056177,-0.044607,-0.03135,-0.054862
0.0045582,0.0097829,0.0054882,0.0067509,0.015842
-0.024494,-0.035164,-0.027021,-0.024474,-0.034711
0.003215,-0.0015885,0.0031996,-0.006636,0.0059933
-0.0020492,0.020988,-0.0050471,-0.0052291,0.011431
0.031555,0.0072304,0.018676,-0.013651,0.0082223
0.0057149,0.009012,0.0069958,0.0080442,0.0060091
-0.025318,-0.027196,-0.048467,-0.078571,-0.025134
-0.043206,-0.02997,-0.026605,-0.03705,-0.017553
-0.036246,0.013252,-0.041063,0.0054161,-0.039162
-0.037611,-0.03376,-0.035491,-0.037944,-0.02339
-0.0040474,-0.027028,-0.012169,0.054478,0.014794
0.0013757,0.0031864,0.0024496,0.0014288,0.0026316
-0.00020098,-0.00037325,-0.0002705,-0.00030278,-0.00037278
-0.0009912,-0.0020431,-0.0016297,0.0010733,-0.003113
0.034951,0.038331,0.03733,0.042308,0.047129
0.004501,-0.037748,0.020621,0.036964,-0.022694
0.060541,-0.078413,-0.0033198,0.11862,-0.071537
-0.0022599,-0.018382,-0.038307,-0.017458,-0.032794
0.042467,0.074756,-0.042336,-0.023068,0.048504
0.0034439,0.0037791,0.0033459,0.0038306,0.0043081
0.0028089,0.021938,0.022898,0.013583,0.022182
-0.10998,-0.12395,-0.12599,-0.096729,-0.15466
-0.046832,-0.04248,-0.027694,-0.034528,-0.053666
-0.00010676,0.028669,-0.042074,-0.09505,-0.05961
-0.048163,-0.049279,-0.046298,-0.061358,-0.042546
-0.0082626,-0.020558,-0.010526,-0.0068471,-0.022052
0.13208,0.10716,0.062919,0.15567,0.14039
-0.0016841,-0.0075116,-0.0068102,0.0001365,-0.010853
-0.084893,-0.083406,-0.082294,-0.082584,-0.078219
-0.087148,-0.076744,-0.069064,-0.06729,-0.060218
0.0083081,0.0085336,-0.006189,-0.013898,-0.0097943
0.22183,0.24117,0.13613,0.21861,0.32437
0.06461,0.10024,0.027434,0.061884,0.10883
0.032265,0.033345,0.01086,0.013383,0.03154
-0.03023,-0.030757,-0.0308,-0.027064,-0.031645
-0.0080941,0.00024589,-0.0053464,-0.0067767,-0.00092733
0.0055219,-0.0064678,0.010769,0.015333,-0.0030948
-0.013754,-0.0086134,-0.00874,-0.0092558,-0.0063532
0.067754,0.059486,0.045228,0.078972,0.07239
-0.020095,0.006893,-0.0072864,-0.020238,0.017918
-0.025047,-0.037132,-0.019637,-0.037603,-0.041327
-0.0096549,-0.05417,-0.071321,-0.061022,-0.04748
0.0046198,-0.021319,-0.0061782,-0.0088605,-0.029676
0.032775,0.027306,0.039421,0.021356,0.02017
-0.008822,-0.018386,-0.010331,-0.016475,-0.026426
-0.0020391,-0.0082979,-0.0044463,-0.0058033,-0.011688
-0.047991,-0.15176,-0.083648,-0.070621,-0.18566
-0.00031053,0.014597,0.0081652,0.0089192,0.022469
-0.038787,0.0065208,-0.021889,-0.03155,-0.019296
0.15053,0.17795,-0.11761,-0.056902,-0.015865
-0.022446,-0.014868,-0.02496,-0.027207,-0.082903
-0.029954,-0.025159,-0.038784,-0.030374,-0.022809
-0.08879,-0.078268,-0.094551,-0.096027,-0.074758
-0.036249,-0.022656,-0.038868,-0.032164,-0.036625
-0.11431,-0.073952,-0.11327,-0.11558,-0.043266
-0.0075602,-0.012903,-0.0071316,-0.0052419,-0.0095913
0.026115,0.010107,0.022845,0.0056303,-0.0063615
-0.0079232,-0.010947,-0.0060427,-0.005642,-0.0083856
0.017915,0.01812,0.013459,0.014996,0.016948
-0.033281,-0.0073417,-0.02834,-0.029188,-0.0040379
-0.054991,-0.070002,-0.064949,-0.0061048,-0.069606
-0.010042,0.013604,0.0097314,0.012032,0.037135
-0.0023094,-0.0097972,-0.01111,-0.0079203,-0.015851
-0.0048184,0.0044132,-0.0022546,-0.00023767,0.0069552
-0.050237,0.0048799,-0.055823,-0.0012585,0.0074408
-0.094485,0.048944,0.14292,0.091774,0.26278
0.015816,-0.014242,0.092752,0.044533,0.017078
-0.060471,-0.037879,-0.052662,-0.047988,-0.018564
-0.030205,-0.020055,-0.027987,-0.03057,-0.017982
-0.024639,-0.024587,-0.027003,-0.03415,-0.017686
-0.018966,-0.020677,-0.0156,-0.020718,-0.020126
-0.034616,-0.027194,-0.030304,-0.031165,-0.020641
-0.068104,-0.058816,-0.061389,-0.063973,-0.032753
0.0030146,-0.031242,-0.022781,-0.021691,-0.046566
-0.080952,-0.063358,-0.067275,-0.075825,-0.056018
-0.0027738,-0.00032915,-0.0013965,-0.0022337,0.00051827
-0.038787,0.012815,-0.0091292,0.011528,0.03326
-0.099962,-0.095353,-0.091543,-0.11207,-0.094852
0.012729,0.0078136,0.010917,0.013099,0.0062731
0.06309,-0.063666,-0.029901,0.030937,-0.068653
-0.098727,0.0054877,0.029229,-0.040823,-0.01796
0.018418,-0.0081901,0.028414,0.023576,0.01348
0.015754,0.041348,0.031688,0.029032,0.054924
0.074129,0.10382,0.055827,0.055395,0.097323
0.0072428,0.018246,0.017565,0.020729,0.032116
-0.0056883,-0.014169,-0.002623,-0.0054082,-0.014088
0.083918,0.066823,-0.087556,-0.055854,0.0012999
-0.00065272,0.0016842,-0.00086188,-0.00027687,0.0029813
-0.084676,-0.044744,-0.12421,-0.075172,-0.055468
0.0033002,0.0030037,0.0041082,0.0020024,0.0037604
0.00093558,0.0016844,0.0014879,0.0018532,0.002149
0.003956,0.0072033,0.0044212,0.0045796,0.0080895
0.043603,0.04918,0.020467,0.046517,0.069778
0.0010319,-0.0022391,0.0049903,0.0017896,-0.0017879
-0.0072596,-0.0073307,-0.0041072,-0.0088754,-0.0074902
-0.031839,-0.034031,-0.033745,-0.035709,-0.033225
-0.044491,-0.03491,-0.046088,-0.04956,-0.029581
-0.041013,-0.028593,-0.038837,-0.038299,-0.024316
-0.035598,-0.038324,-0.031812,-0.029667,-0.036994
-0.071315,-0.074783,-0.069902,-0.071292,-0.063813
0.00085369,0.0044306,-0.0089815,9.1481e-05,-0.00673
-0.022396,-0.013276,-0.015704,-0.020407,-0.0065239
-0.01701,-0.018144,-0.024772,-0.034022,-0.019653
-0.028062,-0.086496,-0.050139,3.2753e-05,-0.12289
-0.10201,-0.094232,-0.11869,-0.15624,-0.061037
-0.0030086,0.0026894,-0.00073897,-0.0020227,0.0039102
-0.05034,-0.059816,-0.068921,-0.045619,-0.079114
9.1591e-05,-0.0054801,-0.0059732,-0.011797,-0.015662
-0.055436,-0.052448,-0.047158,-0.065238,-0.039824
-0.0068653,-0.020208,-0.0014702,-0.0039049,-0.029632
0.00057263,-0.02817,0.014298,0.0052116,-0.010003
-0.031902,-0.059023,-0.053757,-0.089721,-0.054044
0.0005134,0.0008384,-8.8464e-05,7.4714e-05,0.00069988
-0.016629,-0.0153,-0.013562,-0.013444,-0.011953
-0.041637,-0.042337,-0.032692,-0.037626,-0.040452
0.00045431,0.0078823,-0.0071132,-0.00056667,0.008099
-0.014499,-0.020572,-0.016485,-0.01887,-0.022306
-0.13312,-0.12878,-0.14294,-0.17289,-0.11596
-0.090044,-0.046308,-0.081609,-0.016546,-0.0040725
-0.088857,-0.086075,-0.09172,-0.084546,-0.073493
-0.08329,-0.054637,-0.090964,-0.084491,-0.052577
-0.035112,-0.058595,-0.05356,-0.042558,-0.053139
-0.017496,-0.052953,0.02029,0.014522,0.064321
-0.19352,-0.07909,-0.11706,-0.14346,0.033002
0.028468,-0.0046881,0.022999,0.020743,0.011678
-0.0032517,0.00057279,-0.0025493,-0.0023742,-0.001288
0.042148,-0.0063291,0.02564,-0.010094,-0.015099
-0.018587,0.0038756,-0.10545,0.033643,-0.0026767
-0.053686,-0.053055,-0.044281,-0.05038,-0.043978
0.20059,0.067469,0.14754,0.057698,0.05874
-0.0234,-0.0071427,-0.041186,-0.018116,-0.018516
0.0035896,0.0043158,-0.0010711,0.0017975,0.0019576
-0.022409,-0.07625,-0.022865,0.018398,-0.027087
-0.10918,-0.11347,-0.12417,-0.12363,-0.15367
-0.02879,-0.0172,-0.025806,-0.038193,-0.030143
-0.042404,-0.027187,-0.038629,-0.040995,-0.023456
-0.020912,-0.016965,-0.020558,-0.019891,-0.015111
-0.023657,-0.022606,-0.02387,-0.0229,-0.020211
-0.017241,-0.014206,-0.014971,-0.015486,-0.010349
-0.021142,-0.019033,-0.01823,-0.026199,-0.021228
0.029647,0.054655,0.011364,0.069798,0.07433
0.009315,-0.0099857,0.011249,0.004716,0.0020541
-0.018403,-0.02135,-0.016619,-0.0070577,-0.017398
-0.16479,-0.059024,-0.0993,-0.11037,-0.034249
-0.043402,-0.064535,-0.015331,-0.099519,-0.14943
-0.016348,-0.0080897,-0.010336,-0.01022,-0.012666
-0.018398,-0.0096924,-0.015274,-0.012647,-0.016985
-0.051711,-0.066171,-0.17038,-0.12464,-0.061229
0.057122,-0.092753,0.057541,-0.054251,-0.085536
-0.011385,-0.0075681,-0.01748,-0.028146,-0.023471
-0.0013427,0.00069865,0.00034541,0.00013711,0.0028021
0.00041489,0.0065671,0.011565,0.0019151,0.0076178
-0.045869,-0.021316,-0.036317,-0.04512,-0.015819
0.0027782,-0.033694,-0.0067275,0.032065,-0.051549
-0.052038,-0.017801,-0.038936,-0.04897,-0.030416
-0.0010848,0.0062431,0.0046799,-0.014072,-0.0007156
-0.027296,-0.029762,-0.027849,-0.029229,-0.028487
-0.039498,-0.014993,-0.039089,0.046557,0.0090275
0.042329,-0.0082988,-0.020019,-0.0049832,-0.040419
-0.042278,-0.053177,-0.029685,-0.036926,-0.03763
-0.014744,-0.0048931,-0.012922,-0.010896,-0.001103
-0.071688,-0.0052108,-0.05416,-0.037855,0.034869
-0.032981,-0.037899,-0.037355,-0.022274,-0.023623
-0.051938,-0.053739,-0.047976,-0.058922,-0.055031
-0.0084072,-0.0071782,-0.032687,-0.01487,-0.01625
-0.029878,-0.02612,-0.026209,-0.030778,-0.022556
-0.01804,0.012167,-0.013981,0.018495,0.033
0.047557,-0.17475,-0.057267,-0.040851,-0.16465
-0.023442,-0.010406,-5.9415e-06,-0.029966,-0.0018729
-0.2078,-0.15085,-0.16634,-0.085417,-0.0687
-0.011149,-0.070017,-0.014958,-0.11307,-0.092159
0.011059,0.01593,0.010562,0.014961,0.01879
-0.07507,-0.18144,-0.12926,-0.12919,-0.12617
-0.068971,-0.052066,-0.08031,-0.089838,-0.031959
-0.019171,-0.010836,-0.014384,-0.018508,-0.017017
0.0099385,0.016078,0.014298,0.0079955,0.016637
-0.090353,-0.0030924,-0.060591,-0.062976,0.034315
-0.0017413,-0.0018623,-0.0043056,-0.00048336,-0.00056885
-0.021499,-0.016132,-0.021274,-0.024286,-0.022915
-0.008717,-0.0063006,-0.0047969,-0.0088033,-0.0053179
-0.061536,-0.024624,-0.053126,-0.06468,-0.014369
-0.012164,-0.013728,-0.0091894,-0.011728,-0.013256
0.05245,0.060895,0.033373,0.083152,0.15341
0.036615,0.022024,0.14913,0.028056,-0.092928
-0.013419,0.021243,-0.0203,0.0012468,0.036044
-0.071078,0.016837,-0.16294,0.15141,0.22564
-0.018119,-0.018374,-0.018868,-0.018267,-0.018559
-0.030313,-0.0096307,-0.025284,-0.01351,-0.012959
-0.0213,-0.019188,-0.016613,-0.016499,-0.0091541
-0.039962,-0.029433,-0.050154,-0.080244,-0.045425
-0.0030832,-0.0030835,-0.0023444,0.0010425,-0.0031013
0.010722,0.041313,0.021994,0.053972,0.049257
-0.050219,-0.06169,-0.064563,-0.083199,-0.054504
0.0070115,0.00665,0.0042166,0.0051455,0.0073431
-0.036642,-0.040382,-0.040256,-0.041385,-0.046104
0.028436,0.032381,0.030233,0.033493,0.038384
-0.022861,-0.025001,-0.023331,-0.026067,-0.027972
-0.034179,-0.037645,-0.035195,-0.039219,-0.042529
-0.032564,-0.036373,-0.034035,-0.037802,-0.042047
-0.00739,-0.0082705,-0.0077247,-0.0085958,-0.0095474
-0.03009,-0.027683,-0.026922,-0.027606,-0.025124
-0.048283,-0.019946,0.016563,-0.039567,0.0052393
-0.033941,-0.082669,-0.18079,0.071709,0.088629
-0.040025,-0.029654,-0.040229,-0.047115,-0.033192
-0.020442,-0.031908,-0.013575,-0.027301,-0.029449
-0.0083929,-0.027516,0.02944,-0.017301,0.010092
-0.015185,0.004849,-0.0087094,-0.014054,0.0085642
-0.013446,-0.031642,-0.017294,-0.02442,-0.039442
-0.0065893,-0.016441,-0.012665,-0.0075111,-0.016056
-0.00077711,0.00015613,-0.00048761,0.00018731,0.00095376
-0.00072017,0.00054783,-0.00035458,0.00050076,0.0013455
-0.048564,-0.020595,0.011146,-0.043729,0.0033409
0.0011773,-0.0014249,-0.0013605,0.00080739,-0.0014357
-0.010924,-0.010161,-0.0080182,-0.010824,-0.008418
-0.00074909,0.00017689,-0.00050256,0.00014729,0.00093144
0.0045483,0.0031597,-0.0014477,0.002699,0.0043281
-0.0040631,0.0053459,0.0049659,-0.0012575,0.0091332
0.0038795,0.0099734,0.012047,-0.0069171,0.012861
-0.00074873,0.000132,-0.00043309,0.00013941,0.00095687
-0.0036712,-0.0090051,-0.0075843,-0.0036806,-0.0089905
0.0068665,0.022709,0.022005,0.0079131,0.02949
1.2581e-05,-0.003958,0.010088,0.001214,-0.0026962
-0.0071505,-0.00062848,-0.0041319,-0.0041699,-0.0023526
-0.0025281,-0.001203,-0.0017115,-0.0013658,0.00036984
-0.0040317,-0.021547,-0.017005,-0.00031105,-0.023699
-0.03938,-0.023604,-0.033211,-0.04374,-0.026311
-0.024218,-0.017771,-0.021263,-0.022248,-0.013382
-0.0023041,0.0064071,0.0044132,0.0034818,0.013689
-0.00081115,0.00013412,-0.00044998,0.00013129,0.00092641
-0.00077588,0.0001753,-0.00047882,0.00013816,0.00099487
-0.0008221,0.00015322,-0.00049727,0.00017944,0.00094431
7.2656e-05,-0.0045726,-0.0016499,0.0021497,0.0099081
-0.00078458,0.00016888,-0.00043202,0.00015239,0.0009124
0.018193,0.011964,0.034745,0.02122,0.0076389
-0.0060293,-0.0017649,-0.0025435,-0.0037576,0.0016214
-0.0039853,-0.020214,-0.0037998,-0.017961,0.0096012
0.011735,0.044397,-0.0031436,0.0082356,-0.022112
-0.00076233,0.00015289,-0.0004425,0.00013041,0.00093579
-0.00079254,0.00016845,-0.00049531,0.00015984,0.0009503
-0.0044539,-0.0028496,-0.0036124,-0.0030823,-0.003016
-0.0051268,-0.0031913,-0.0042726,-0.0029224,-0.0017245
-0.00077684,0.00012387,-0.00050211,0.00011928,0.00091045
-0.00089016,0.0013761,-0.00021691,-0.0028864,-0.0018163
-0.049504,-0.09778,-0.07889,-0.01493,-0.11991
0.07202,-0.11925,0.068609,-0.011139,-0.054249
-9.5159e-05,0.0010284,0.00030639,0.00080997,0.0017165
-0.027388,-0.0069361,-0.0053291,-0.011051,0.034352
0.0068331,0.012609,0.012974,0.016957,0.031269
-0.0025232,-0.0011844,-0.001736,-0.0013418,0.00038827
-0.0058646,-0.0058723,-0.0088044,-0.0062263,-0.0089427
0.00088941,0.0050684,0.0023005,0.002219,0.0081515
-0.0017958,0.00011035,-0.0021042,-0.0002328,0.00050958
-0.00080283,0.00011919,-0.00043035,0.00010368,0.00097672
-0.00076799,0.00015197,-0.00045257,0.00018701,0.00095903
-0.042738,-0.021133,-0.016683,-0.0012957,-0.0075173
-0.00081411,0.00017957,-0.00045017,0.00011631,0.00091615
-0.0046926,-0.0021102,0.007131,0.031898,0.066915
-0.0068906,0.078343,0.031105,0.024343,0.037918
-0.00074612,-3.6307e-06,0.0011203,0.0012504,0.00264
-0.00047231,0.0012725,-0.00020044,0.00077332,0.0021423
-0.011287,-0.011915,-0.010762,-0.012554,-0.0078735
0.0011474,0.0054738,0.0021555,0.0040019,0.007764
-0.00080319,0.00013195,-0.00045035,0.00015459,0.00097815
-0.013483,-0.0044586,-0.02922,-0.01369,5.3527e-05
-0.020103,-0.00096868,-0.0021968,0.029996,0.057504
-0.027184,-0.017891,-0.034614,-0.034593,0.013904
0.011915,0.014121,0.012843,0.0056764,0.023105
-0.004906,8.9392e-05,-0.0049986,-0.002822,0.00125
-0.0040155,-0.004552,-0.0042649,-0.0030824,-0.0050083
-0.0148,0.064432,0.0052025,-0.044284,-0.16441
0.019765,-0.061771,-0.0087519,0.0079203,0.094836
0.0017755,0.003024,0.0015619,0.0027314,0.0042751
-0.051025,-0.041435,-0.018721,-0.051831,-0.051246
-0.0019273,-0.0013414,-0.00097939,-0.0010171,0.00014614
-0.00088035,0.00938,0.0054576,-0.027881,-0.00096811
-0.029511,-0.088739,-0.058881,-0.21494,-0.26442
-0.00016907,-6.7123e-06,0.00025237,0.0005159,0.00067855
-0.041878,0.20983,0.10428,0.085702,0.20402
0.0053506,-0.0015189,0.013036,0.012502,0.00012934
-0.00024328,-4.9267e-05,0.0002541,0.00052637,0.00067927
0.00284,-0.0027048,0.0047341,0.002139,-0.0019305
-0.030142,0.0048871,-0.035496,-0.0063009,0.029617
-0.064361,-0.065456,-0.070466,0.12409,0.090246
-0.13423,-0.051032,0.092659,0.080897,0.21948
-0.033307,-0.01088,-0.052977,0.0013018,0.067666
0.0043124,0.0064499,0.0058232,0.0056722,0.0037755
0.0032812,0.001036,0.001408,0.0019664,-0.0018606
0.0052961,0.009042,0.0046956,0.0060881,0.010657
-0.03972,0.022114,-0.0010731,-0.0028352,-0.016886
0.016872,-0.00081837,0.0086568,0.0025925,-0.015244
-0.03106,-0.011162,-0.043201,-0.036528,-0.0061305
-0.0014359,-0.0023035,-0.0022208,-0.0033227,-0.00091173
-0.0070173,-0.0055881,-0.010839,-0.012554,-0.010015
-0.0018799,0.020604,0.00079194,0.007335,0.027236
0.063464,0.088575,0.071033,0.0089939,0.08889
-0.024798,0.035303,-0.023062,0.026163,0.041734
-0.09009,-0.07705,-0.085236,-0.092864,-0.081602
-0.018828,-0.018815,-0.018047,-0.020362,-0.018663
-0.018217,-0.0066584,-0.0088679,-0.017979,-0.0079338
-0.0026699,-0.004016,-0.0050473,-0.0075339,-0.0078714
-0.057745,-0.042885,-0.047546,-0.055981,-0.027261
-0.045551,-0.036131,-0.038372,-0.045282,-0.027362
-0.037303,-0.020197,-0.030572,-0.033083,-0.020756
-0.020847,-0.0099735,-0.017022,-0.018097,-0.012924
-0.048946,-0.028649,-0.040548,-0.045174,-0.033703
-0.027301,-0.019541,-0.023954,-0.024778,-0.022901
-0.0089003,-0.00175,-0.0085666,-0.0070701,-0.0020278
0.01274,0.0063563,0.010272,0.011109,0.0081118
-0.073496,-0.047434,-0.056332,-0.064746,-0.048798
-0.061776,-0.04931,-0.026808,-0.041971,-0.046586
-0.009926,-0.0085283,-0.0045881,-0.0074455,-0.0061428
-0.0073863,-0.01564,-0.0033064,-0.013556,-0.015806
-0.0078573,-0.0063796,-0.0064639,-0.0061287,-0.0050236
-0.0032036,-0.002693,-0.0044179,-0.0047795,-0.00036878
-0.016522,-0.011722,-0.013447,-0.012688,-0.010639
-0.00035167,0.0031168,0.0015314,0.004836,0.0011208
-0.0013243,-0.0092929,0.0017526,0.00015804,-0.0091001
0.0036951,0.014077,0.0073248,0.0054402,0.01734
-0.0069571,-0.13443,-0.086361,0.025167,0.041101
-0.040944,-0.047489,-0.050153,-0.013216,0.0058208
0.018829,-0.11937,-0.071742,0.038702,0.042704
-0.072352,-0.046535,-0.069931,-0.020896,0.024821
-0.039913,-0.041799,-0.053316,-0.010867,0.003851
-0.13887,0.024994,-0.070807,-0.060935,0.028841
-0.010912,-0.0056004,-0.0076964,-0.0071805,-0.002855
-0.0013231,-0.001371,-0.00098518,-0.0013033,-0.0016588
-0.028265,-0.03395,-0.033113,-0.033919,-0.033443
-0.0040231,-0.0051336,-0.0027023,-0.0039348,-0.005784
-0.011478,-0.013876,-0.0078675,-0.0062543,-0.012186
-0.0052442,-0.0037545,-0.0036374,-0.0046154,-0.0020162
-0.0084347,-0.0093182,-0.0066636,-0.0081272,-0.01103
-0.021153,-0.016675,-0.016082,-0.017691,-0.010294
-0.0053534,-0.0060983,0.0053992,-0.0066121,-0.009247
-0.073517,-0.067886,-0.060614,-0.068954,-0.071846
-0.00018919,0.00086669,0.00035294,0.00039053,0.002052
-0.041435,-0.042774,-0.038995,-0.025922,-0.024169
-0.00012984,-0.00019571,-0.00013298,-0.00017389,-0.00020163
0.00046738,0.0011734,-0.00027203,7.9464e-05,0.0021108
0.018315,0.036831,0.032771,0.026306,0.046972
0.011256,0.006586,0.009764,0.0098147,0.005083
0.012187,0.0090073,0.0069561,0.011104,0.012572
0.0012093,0.0016942,0.0012662,0.001602,0.0020085
-0.0011998,-0.0017929,-0.0012805,-0.0016478,-0.002037
-0.011401,-0.014366,-0.012706,-0.0092832,-0.014464
-0.0062658,-0.0051842,-0.0041314,-0.0056412,-0.0049103
-0.00047547,0.0026413,0.0018375,-0.00050066,0.0030289
-0.00016169,-0.00017945,-0.00011311,-0.00014256,-0.00019853
0.0011841,0.0017091,0.0012797,0.0015609,0.0019388
0.0083422,-0.012826,0.0063541,-0.00097234,-0.013443
-0.00016165,-0.00015118,-0.00012892,-0.0001945,-0.00026258
-0.0012465,-0.001777,-0.0013177,-0.001659,-0.0020189
0.0045921,0.0030543,0.010159,0.018356,0.01496
0.036341,0.01098,-0.13959,0.096307,0.043509
-0.0045509,-0.0071612,0.00069407,-0.006575,-0.0032071
-0.0027924,-0.010183,-0.0050395,-0.0015448,-0.013898
0.0059268,0.017952,0.0018593,0.0059177,0.014245
0.014789,0.018177,0.012812,0.0090284,0.016429
-0.00442,-0.0018288,-0.0029965,-0.0058961,-0.0031111
-0.0056234,-0.0074039,-0.0041009,-0.0036014,-0.0086189
-0.029934,-0.014628,-0.012808,-0.020816,-0.010894
-0.031228,-0.031354,-0.029085,-0.030742,-0.026375
-0.0059341,-0.0080428,-0.014271,-0.030287,-0.02351
0.0016935,0.010075,0.014779,0.0052941,0.022209
-0.0073019,-0.0115,-0.0020352,-0.011888,-0.0093104
-0.013521,-0.021216,0.00067085,-0.01124,-0.0062448
-0.0039589,-0.0046457,-0.004022,-0.0033575,-0.0036118
-0.0033764,-0.0047445,-0.0032926,-0.0029894,-0.0038842
-0.026655,-0.025037,-0.032645,-0.026581,-0.023622
-0.0098764,-0.010662,-0.0071961,-0.0092876,-0.0064321
-0.032738,-0.022572,-0.025897,-0.028376,-0.022564
-0.0035947,-0.003097,-0.0032986,-0.003154,-0.0025924
0.0014042,0.0013793,0.0012974,0.0012967,0.0011371
-0.032725,-0.047989,0.10394,-0.13808,-0.10313
-0.00089642,-0.00059531,-0.00048798,-0.00069479,-6.4833e-05
0.0044784,-0.00026926,0.00091796,0.0042385,-0.0017789
-0.0001744,-0.0012607,-0.00033769,-0.00095885,-0.0010607
-0.031381,-0.036774,-0.017691,-0.026091,-0.027062
-0.0037651,-0.00064663,-0.0023762,-0.0030178,-0.00013245
-0.022239,-0.020723,-0.018248,-0.018373,-0.016257
-0.001672,-0.0013363,-0.001384,-0.0014794,-0.0015117
-0.025381,-0.00031098,-0.0074528,5.6114e-05,0.01539
0.00010444,0.00048235,0.0001845,0.00036303,0.00038899
-0.00016302,-0.0012243,-0.00028423,-0.00099054,-0.0010939
-0.00016626,-0.0012713,-0.00026569,-0.00097921,-0.001121
0.0077824,0.00592,0.0041157,0.0069886,0.0037899
-0.019673,-0.01641,-0.014928,-0.018127,-0.006485
-0.00016969,-0.00089019,-0.00020868,-0.0006901,-0.00074913
0.00013882,0.00047681,0.00016402,0.00040576,0.00040189
-0.0038536,0.0031951,0.0014875,0.00090538,0.0074498
0.06418,0.010662,-0.0168,0.11304,0.055541
-0.0016666,-0.0018519,-0.00070358,-0.0012315,-0.001612
-0.0092204,-0.0097521,-0.0099189,-0.011194,-0.0085956
-0.0044778,-0.0012172,0.017086,0.0048732,0.0071463
-0.001042,-0.0088511,-0.0050468,-0.0045674,-0.0085822
0.0010292,0.00089513,0.00083159,0.00077651,0.00057898
0.00034301,0.00365,0.0026215,0.0025171,0.0050898
-0.00070027,-0.0014902,-0.0011859,-0.0012412,-0.0016365
-0.0093067,-0.0097403,-0.0096536,-0.0077924,-0.0073525
-0.025097,-0.017899,-0.018263,-0.019217,-0.017003
-0.0014712,-0.0016981,-0.0013789,-0.0011419,-0.0016238
-0.0057409,-0.005767,-0.0074066,-0.0031057,0.0096022
0.0021809,0.015796,0.014881,0.010161,0.026271
-0.010075,-0.0058726,-0.011735,-0.0084568,-0.0052506
-0.00029127,0.017777,-0.0048437,0.0047402,0.016531
0.00025015,0.00045072,0.00031588,0.00032833,0.00053937
0.002773,0.0016348,0.0030053,0.0026339,0.00073361
-0.0062243,-0.0062062,-0.006339,-0.0066842,-0.0057336
-0.017973,-0.020844,-0.016661,-0.019485,-0.025776
0.00073647,8.7789e-05,0.00052343,0.00027749,-0.00015295
-0.0025308,-2.6637e-05,-0.0017462,-0.00077473,0.00071401
-0.0091484,-0.010873,-0.0096748,-0.0073925,-0.0097433
-0.015402,-0.01356,-0.016186,-0.015015,-0.0099004
0.00069978,0.0030309,0.0001079,-0.00092727,0.0043339
0.016938,0.030573,0.036755,0.060337,0.018286
0.0010688,0.0015124,0.0012409,0.0011934,0.0018372
0.00013478,0.00031628,0.00017099,0.00021671,0.00033458
-0.12827,-0.09012,0.011923,-0.14324,-0.08844
-0.0049559,-0.0027014,-0.0060792,-0.0044849,-0.0021582
0.0481,0.0062429,0.018067,0.022161,0.028341
-0.014766,-0.015772,-0.010353,-0.014559,-0.015152
-0.0030316,-0.00087476,-0.0022835,-0.0024888,0.00027913
-0.0118,-0.019559,-0.0097474,-0.0047543,-0.01932
0.0014491,0.0024698,0.0012394,0.00055516,0.0023686
-0.10373,-0.029584,-0.069967,-0.029974,-0.017009
-0.0028967,0.00093087,5.6985e-05,-0.00074089,0.0031351
-0.0022323,0.0039969,0.0025406,0.0020477,0.0075537
0.017189,0.057131,0.041764,0.046637,0.025715
-0.00037019,-0.0012819,-0.0001796,-0.0011681,-0.0016202
-0.0090808,-0.003845,-0.0075398,-0.005615,0.00044948
-0.022441,-0.024696,-0.02753,-0.026748,-0.030158
0.0019913,0.0023475,0.0032409,0.0024601,0.0038827
-0.00099705,-0.001133,-0.00098591,-0.00091742,-0.00058389
2.671e-05,9.5833e-05,3.1935e-05,9.478e-05,6.7768e-05
-0.0011104,-0.0021137,-0.0014468,-3.2286e-05,-0.00094095
-0.00037807,0.0094005,0.0057376,-0.00025576,-0.0067182
-0.0016506,-0.0012906,-0.0012265,-0.0014887,-0.00049593
0.0013189,0.0025708,0.00044277,0.00065273,0.003284
-0.0016339,-0.0012395,-0.0011996,-0.0014718,-0.00055759
-0.0023213,-0.0020957,-0.00168,-0.0021392,-0.0014785
0.0015331,0.00083234,0.00062181,0.0013064,7.0586e-05
-0.0027185,-0.0032573,-0.0014828,-0.0019643,-0.0031091
-0.01015,-0.0095466,-0.0097066,-0.01012,-0.0082374
-0.0023281,-0.0023593,-0.0024248,-0.0017912,-0.0018215
0.0040955,0.0028152,0.0029823,0.0034159,0.00065469
-0.00064258,-0.0015357,-0.00056826,-0.0028824,0.0012367
-0.001913,-0.0029537,-0.0039165,-0.010762,-0.0050715
-0.0016971,-0.0012739,-0.0011822,-0.0014434,-0.00051532
-0.048429,0.015025,-0.024951,-0.024487,0.050732
-0.0017004,-0.001249,-0.0011739,-0.0014543,-0.00052368
-0.0012898,0.00024206,0.00035711,-0.00076896,0.0013725
-0.0017065,-0.0012592,-0.0012208,-0.0014808,-0.00050026
-0.0016253,-0.0012474,-0.0012267,-0.0014756,-0.0005395
-0.0016261,-0.0012493,-0.0011731,-0.001489,-0.00050329
-0.0016438,-0.0012936,-0.0011991,-0.0014825,-0.00056446
-0.0016979,-0.0012926,-0.0012339,-0.0014289,-0.00053892
-0.0016363,-0.0013076,-0.0012518,-0.0014426,-0.000497
-0.0016993,-0.0012664,-0.0012373,-0.0014671,-0.00049276
-0.0016794,-0.0013157,-0.0012509,-0.0014287,-0.00049442
-0.0016328,-0.0013221,-0.0012128,-0.0014696,-0.00054974
-0.0016586,-0.0013054,-0.0012095,-0.0014401,-0.00056074
-0.001695,-0.0013189,-0.0012299,-0.0014274,-0.0005172
-0.0016946,-0.0012801,-0.0011901,-0.0014626,-0.00048944
-0.0014814,-0.0010375,-0.00090197,-0.0012659,-0.00015266
-0.0016436,-0.0012738,-0.001222,-0.0015076,-0.00051678
-0.0017004,-0.0012846,-0.0011753,-0.0014358,-0.00055403
-0.0016978,-0.0013049,-0.0012364,-0.0015,-0.00057049
-0.0016648,-0.0012935,-0.0012221,-0.0014835,-0.0005177
-0.0016485,-0.0012406,-0.001205,-0.0013702,-0.00044438
-0.0016506,-0.0013187,-0.0011831,-0.001435,-0.00055415
-0.0016346,-0.0012428,-0.0011814,-0.0015065,-0.00056453
-0.0016424,-0.0012389,-0.0011794,-0.0015005,-0.00056464
-0.0016472,-0.0013189,-0.0011862,-0.0014684,-0.00057505
-0.0016885,-0.0012402,-0.0012176,-0.0015036,-0.00051418
-0.001693,-0.0013158,-0.0012451,-0.001446,-0.00057194
-0.00082546,-9.9932e-05,-0.00055569,-0.00051821,0.00076764
-0.0016531,-0.0012879,-0.0012082,-0.0014242,-0.00050967
-0.0017039,-0.0013084,-0.0012438,-0.0014253,-0.00049114
-0.0010694,-0.0014499,-0.00049641,-0.0010686,-0.00081936
0.0018492,0.0017915,0.0025211,0.0017954,0.0021096
-0.0010712,-0.0014852,-0.00046485,-0.0010493,-0.00077319
-0.020919,0.074352,-0.0096635,0.025949,0.09522
0.011651,0.024137,-0.010725,0.023789,0.036747
0.0019647,0.0023792,0.0032115,0.0024736,0.0038821
0.0023708,0.001634,0.0025861,0.0019066,0.0010823
-0.0036296,-0.0068437,0.0012141,-0.0056443,-0.0038348
-0.003608,-0.0068593,0.0011693,-0.0055899,-0.0038607
-0.025067,0.0049623,-0.0038288,0.006113,0.025368
-0.053795,-0.11977,-0.077616,-0.052289,-0.10578
0.0044784,0.0032015,0.0028708,0.0040943,0.0060696
0.034729,0.041969,0.069085,-0.0054609,0.055306
-0.0039996,-0.013436,0.0012101,-0.0061246,-0.011644
0.0113,0.0066678,-0.012258,0.0019784,0.044395
-0.0011048,-0.00089347,-0.0010287,-0.0010957,-0.00098184
0.0013985,0.0026038,0.00042189,0.00066331,0.0032867
-0.0083566,-0.0075897,-0.0024549,0.006761,-0.011879
-0.010663,-0.0070571,-0.011269,-0.0030588,-0.012706
-0.0047191,0.0026411,-0.01663,0.017323,0.00066304
-0.030818,-0.028041,-0.01216,-0.023374,-0.03328
-0.017566,-0.011307,-0.018935,-0.013214,-0.0087839
-0.010946,0.0062458,-0.024962,-0.027183,0.0061961
-0.0011259,-0.0023312,-0.0006856,-0.00071634,-0.0020637
0.066075,0.033245,0.02407,0.068692,0.0081336
0.00078877,-0.00033072,0.00096604,0.0015479,-0.00034325
-0.00065002,-0.00048398,-0.00018427,-0.00045531,-0.00060067
-0.024597,-0.026461,-0.017089,-0.038982,-0.0054962
0.00071029,0.0018115,0.00025452,0.00080268,0.0031144
-0.029062,0.022544,-0.016939,0.0031987,0.050986
-0.065452,-0.037851,-0.035139,-0.053128,-0.010861
-0.0011172,-0.0019872,-0.0008537,-0.0011915,-0.0024275
0.011309,-0.013796,0.025405,0.012958,-0.014026
-0.002572,-0.004054,-0.0057576,-0.005933,-0.0050418
-0.019566,-0.030565,-0.012677,-0.017281,-0.028378
0.0010936,0.0027153,0.0016808,0.0015741,0.0029847
-0.0094054,-0.0066702,-0.012222,-0.0062708,-0.0012591
0.0092843,0.0066305,0.011948,0.0061062,0.0013174
-0.0097468,-0.0019455,-0.0053181,-0.0094445,0.0013107
-0.00032845,-0.00028221,-0.00035339,-0.00042201,-0.00030448
0.019629,0.045109,0.00271,0.063804,0.10763
0.0013586,0.0064155,0.0041759,0.0054785,0.010512
0.0001403,8.8963e-05,0.00010026,0.00013775,0.00014065
-0.0016868,-0.0017171,-0.001046,-0.002466,-0.002553
7.3578e-05,0.00010491,4.9954e-05,6.6426e-05,0.00010111
0.00013227,0.00010148,6.0016e-05,0.00010733,0.0001309
-0.00061416,-0.00079318,-0.00038548,-0.00065801,-0.00087341
8.8865e-05,8.1212e-05,7.9321e-05,0.00013537,0.00012768
0.00093106,0.0012029,0.00069064,0.0010612,0.0013241
0.00013705,8.1138e-05,5.1999e-05,0.0001453,0.00014321
6.0326e-05,8.208e-05,7.1644e-05,6.1952e-05,0.00014165
-0.0065798,-0.0022283,0.0074414,-0.0047032,0.0018661
5.4393e-05,7.4011e-05,4.5176e-05,6.5061e-05,8.3218e-05
0.00012831,8.5043e-05,5.7618e-05,6.8708e-05,8.1938e-05
-0.00046559,0.0043079,0.0021258,0.0014381,0.0083944
0.0039014,0.0014945,0.009644,0.012263,0.0029659
-0.0044091,-0.00052007,-0.004763,-0.0034604,-0.00028804
0.0009541,0.001229,0.00063485,0.00098914,0.00139
0.0050607,0.012512,0.0021741,0.0046363,0.012404
8.4176e-05,0.00014942,6.6196e-05,6.4006e-05,9.4292e-05
-0.000557,-0.00081816,-0.00037653,-0.00061117,-0.00086357
0.00013135,8.3821e-05,7.4292e-05,0.00010748,0.00015273
0.00087745,0.001198,0.00067129,0.0010512,0.0013396
0.00095419,0.0011644,0.00070513,0.0010487,0.0013804
-0.027329,0.030304,-0.0084276,-0.035741,-0.084431
0.021879,0.043883,0.0021987,0.064977,0.1032
-0.046359,-0.0063642,-0.02262,-0.064654,-0.021164
-0.0033147,-0.0023759,-0.0022151,-0.0027659,-0.001715
-0.022411,-0.049389,0.0071084,-0.032214,-0.013877
-0.00036937,-0.00030333,-0.00035418,-0.00036588,-0.00011287
-0.0028379,0.0013785,-0.003545,-0.0017612,0.0012062
-0.0063481,-0.007052,-0.004147,-0.0083991,-0.0096357
-0.0046079,-0.0051467,-0.0029903,-0.0061241,-0.0069976
-0.013153,-0.014937,-0.0014608,-0.0052268,-0.012505
0.012704,-0.31435,0.0039016,-0.051805,-0.056058
-0.0032367,0.00094907,-0.0039843,-0.0021043,0.0014054
-0.021781,-0.016956,-0.043243,-0.021358,-0.014415
-0.0032892,0.00095669,-0.0039138,-0.0021404,0.0014473
-0.0032435,0.0010098,-0.0039474,-0.0021053,0.0014181
0.00060856,-0.00016212,0.0007516,0.00039039,-0.00016342
0.00065279,-0.00012944,0.0007687,0.0004195,-0.0001737
-0.0032838,0.00097509,-0.0039175,-0.0021072,0.001469
0.00063538,-0.00015477,0.00074998,0.00044098,-0.0001911
-0.042125,0.044625,-0.054407,-0.012168,-0.01768
-0.0098924,-0.017136,-0.0060632,-0.0081577,-0.016418
-0.00028854,0.0033303,-0.00054956,-0.0096807,-0.0076295
0.00026293,-0.00038155,-0.0001346,5.0465e-05,-0.00063393
-0.0033119,-0.0029655,-0.0023188,-0.0038167,-0.0025033
-0.0082004,-0.0073766,-0.005689,-0.0094167,-0.0062605
-0.00064397,-0.0013553,-0.00067952,-0.00072424,-0.0012821
-0.037554,-0.016978,-0.027817,-0.012745,-0.0011939
-0.0056539,-0.0024926,-0.0041514,-0.0018721,-0.00017578
-0.023199,-0.010421,-0.017126,-0.0078819,-0.00075751
-3.601e-05,-1.7512e-05,-2.0994e-05,1.6489e-05,-8.1774e-06
-0.0011759,-0.0013602,-0.0010202,-0.00090809,-0.0016301
